[{"oMatricies":[[1.0,0.0,0.0,0.25000000151281654,0.0,1.0,0.0,10.307917594512649,0.0,0.0,1.0,8.881784197001252E-16,0.0,0.0,0.0,1.0],[1.0,0.0,0.0,0.25000000151281654,0.0,1.0,0.0,10.307917594512649,0.0,0.0,1.0,8.881784197001252E-16,0.0,0.0,0.0,1.0],[1.0,0.0,0.0,0.25000000151281654,0.0,1.0,0.0,10.307917594512649,0.0,0.0,1.0,8.881784197001252E-16,0.0,0.0,0.0,1.0],[1.0,0.0,0.0,0.25000000151281654,0.0,1.0,0.0,10.307917594512649,0.0,0.0,1.0,8.881784197001252E-16,0.0,0.0,0.0,1.0],[1.0,0.0,0.0,0.25000000151281654,0.0,1.0,0.0,10.307917594512649,0.0,0.0,1.0,8.881784197001252E-16,0.0,0.0,0.0,1.0],[1.0,0.0,0.0,0.25000000151281654,0.0,1.0,0.0,10.307917594512649,0.0,0.0,1.0,8.881784197001252E-16,0.0,0.0,0.0,1.0],[1.0,0.0,0.0,0.25000000151281654,0.0,1.0,0.0,10.307917594512649,0.0,0.0,1.0,8.881784197001252E-16,0.0,0.0,0.0,1.0],[1.0,0.0,0.0,0.25000000151281654,0.0,1.0,0.0,10.307917594512649,0.0,0.0,1.0,8.881784197001252E-16,0.0,0.0,0.0,1.0],[1.0,0.0,0.0,0.25000000151281654,0.0,1.0,0.0,10.307917594512649,0.0,0.0,1.0,8.881784197001252E-16,0.0,0.0,0.0,1.0],[1.0,0.0,0.0,0.25000000151281654,0.0,1.0,0.0,10.307917594512649,0.0,0.0,1.0,8.881784197001252E-16,0.0,0.0,0.0,1.0],[1.0,0.0,0.0,0.25000000151281654,0.0,1.0,0.0,10.307917594512649,0.0,0.0,1.0,8.881784197001252E-16,0.0,0.0,0.0,1.0],[1.0,0.0,0.0,0.25000000151281654,0.0,1.0,0.0,10.307917594512649,0.0,0.0,1.0,8.881784197001252E-16,0.0,0.0,0.0,1.0],[1.0,0.0,0.0,0.25000000151281654,0.0,1.0,0.0,10.307917594512649,0.0,0.0,1.0,8.881784197001252E-16,0.0,0.0,0.0,1.0],[1.0,0.0,0.0,0.25000000151281654,0.0,1.0,0.0,10.307917594512649,0.0,0.0,1.0,8.881784197001252E-16,0.0,0.0,0.0,1.0],[1.0,0.0,0.0,0.25000000151281654,0.0,1.0,0.0,10.307917594512649,0.0,0.0,1.0,8.881784197001252E-16,0.0,0.0,0.0,1.0],[1.0,0.0,0.0,0.25000000151281654,0.0,1.0,0.0,10.307917594512649,0.0,0.0,1.0,8.881784197001252E-16,0.0,0.0,0.0,1.0],[1.0,0.0,0.0,0.25000000151281654,0.0,1.0,0.0,10.307917594512649,0.0,0.0,1.0,8.881784197001252E-16,0.0,0.0,0.0,1.0],[1.0,0.0,0.0,0.25000000151281654,0.0,1.0,0.0,10.307917594512649,0.0,0.0,1.0,8.881784197001252E-16,0.0,0.0,0.0,1.0],[1.0,0.0,0.0,0.25000000151281654,0.0,1.0,0.0,10.307917594512649,0.0,0.0,1.0,8.881784197001252E-16,0.0,0.0,0.0,1.0],[1.0,0.0,0.0,0.25000000151281654,0.0,1.0,0.0,10.307917594512649,0.0,0.0,1.0,8.881784197001252E-16,0.0,0.0,0.0,1.0],[1.0,0.0,0.0,0.25000000151281654,0.0,1.0,0.0,10.307917594512649,0.0,0.0,1.0,8.881784197001252E-16,0.0,0.0,0.0,1.0],[1.0,0.0,0.0,0.25000000151281654,0.0,1.0,0.0,10.307917594512649,0.0,0.0,1.0,8.881784197001252E-16,0.0,0.0,0.0,1.0],[1.0,0.0,0.0,0.25000000151281654,0.0,1.0,0.0,10.307917594512649,0.0,0.0,1.0,8.881784197001252E-16,0.0,0.0,0.0,1.0],[1.0,0.0,0.0,0.25000000151281654,0.0,1.0,0.0,10.307917594512649,0.0,0.0,1.0,8.881784197001252E-16,0.0,0.0,0.0,1.0],[1.0,0.0,0.0,0.25000000151281654,0.0,1.0,0.0,10.307917594512649,0.0,0.0,1.0,8.881784197001252E-16,0.0,0.0,0.0,1.0],[1.0,0.0,0.0,0.25000000151281654,0.0,1.0,0.0,10.307917594512649,0.0,0.0,1.0,8.881784197001252E-16,0.0,0.0,0.0,1.0],[1.0,0.0,0.0,0.25000000151281654,0.0,1.0,0.0,10.307917594512649,0.0,0.0,1.0,8.881784197001252E-16,0.0,0.0,0.0,1.0],[1.0,0.0,0.0,0.25000000151281654,0.0,1.0,0.0,10.307917594512649,0.0,0.0,1.0,8.881784197001252E-16,0.0,0.0,0.0,1.0],[1.0,0.0,0.0,0.25000000151281654,0.0,1.0,0.0,10.307917594512649,0.0,0.0,1.0,8.881784197001252E-16,0.0,0.0,0.0,1.0],[1.0,0.0,0.0,0.25000000151281654,0.0,1.0,0.0,10.307917594512649,0.0,0.0,1.0,8.881784197001252E-16,0.0,0.0,0.0,1.0],[1.0,0.0,0.0,0.25000000151281654,0.0,1.0,0.0,10.307917594512649,0.0,0.0,1.0,8.881784197001252E-16,0.0,0.0,0.0,1.0],[1.0,0.0,0.0,0.25000000151281654,0.0,1.0,0.0,10.307917594512649,0.0,0.0,1.0,8.881784197001252E-16,0.0,0.0,0.0,1.0],[1.0,0.0,0.0,0.25000000151281654,0.0,1.0,0.0,10.307917594512649,0.0,0.0,1.0,8.881784197001252E-16,0.0,0.0,0.0,1.0],[1.0,0.0,0.0,0.25000000151281654,0.0,1.0,0.0,10.307917594512649,0.0,0.0,1.0,8.881784197001252E-16,0.0,0.0,0.0,1.0],[1.0,0.0,0.0,0.25000000151281654,0.0,1.0,0.0,10.307917594512649,0.0,0.0,1.0,8.881784197001252E-16,0.0,0.0,0.0,1.0],[1.0,0.0,0.0,0.25000000151281654,0.0,1.0,0.0,10.307917594512649,0.0,0.0,1.0,8.881784197001252E-16,0.0,0.0,0.0,1.0],[1.0,0.0,0.0,0.25000000151281654,0.0,1.0,0.0,10.307917594512649,0.0,0.0,1.0,8.881784197001252E-16,0.0,0.0,0.0,1.0],[1.0,0.0,0.0,0.25000000151281654,0.0,1.0,0.0,10.307917594512649,0.0,0.0,1.0,8.881784197001252E-16,0.0,0.0,0.0,1.0],[1.0,0.0,0.0,0.25000000151281654,0.0,1.0,0.0,10.307917594512649,0.0,0.0,1.0,8.881784197001252E-16,0.0,0.0,0.0,1.0],[1.0,0.0,0.0,0.25000000151281654,0.0,1.0,0.0,10.307917594512649,0.0,0.0,1.0,8.881784197001252E-16,0.0,0.0,0.0,1.0],[1.0,0.0,0.0,0.25000000151281654,0.0,1.0,0.0,10.307917594512649,0.0,0.0,1.0,8.881784197001252E-16,0.0,0.0,0.0,1.0],[1.0,0.0,0.0,0.25000000151281654,0.0,1.0,0.0,10.307917594512649,0.0,0.0,1.0,8.881784197001252E-16,0.0,0.0,0.0,1.0],[1.0,0.0,0.0,0.25000000151281654,0.0,1.0,0.0,10.307917594512649,0.0,0.0,1.0,8.881784197001252E-16,0.0,0.0,0.0,1.0],[1.0,0.0,0.0,0.25000000151281654,0.0,1.0,0.0,10.307917594512649,0.0,0.0,1.0,8.881784197001252E-16,0.0,0.0,0.0,1.0],[1.0,0.0,0.0,0.25000000151281654,0.0,1.0,0.0,10.307917594512649,0.0,0.0,1.0,8.881784197001252E-16,0.0,0.0,0.0,1.0],[1.0,0.0,0.0,0.25000000151281654,0.0,1.0,0.0,10.307917594512649,0.0,0.0,1.0,8.881784197001252E-16,0.0,0.0,0.0,1.0],[1.0,0.0,0.0,0.25000000151281654,0.0,1.0,0.0,10.307917594512649,0.0,0.0,1.0,8.881784197001252E-16,0.0,0.0,0.0,1.0],[1.0,0.0,0.0,0.25000000151281654,0.0,1.0,0.0,10.307917594512649,0.0,0.0,1.0,8.881784197001252E-16,0.0,0.0,0.0,1.0],[1.0,0.0,0.0,0.25000000151281654,0.0,1.0,0.0,10.307917594512649,0.0,0.0,1.0,8.881784197001252E-16,0.0,0.0,0.0,1.0],[1.0,0.0,0.0,0.25000000151281654,0.0,1.0,0.0,10.307917594512649,0.0,0.0,1.0,8.881784197001252E-16,0.0,0.0,0.0,1.0],[1.0,0.0,0.0,0.25000000151281654,0.0,1.0,0.0,10.307917594512649,0.0,0.0,1.0,8.881784197001252E-16,0.0,0.0,0.0,1.0],[1.0,0.0,0.0,0.25000000151281654,0.0,1.0,0.0,10.307917594512649,0.0,0.0,1.0,8.881784197001252E-16,0.0,0.0,0.0,1.0],[1.0,0.0,0.0,0.25000000151281654,0.0,1.0,0.0,10.307917594512649,0.0,0.0,1.0,8.881784197001252E-16,0.0,0.0,0.0,1.0],[1.0,0.0,0.0,0.25000000151281654,0.0,1.0,0.0,10.307917594512649,0.0,0.0,1.0,8.881784197001252E-16,0.0,0.0,0.0,1.0],[1.0,0.0,0.0,0.25000000151281654,0.0,1.0,0.0,10.307917594512649,0.0,0.0,1.0,8.881784197001252E-16,0.0,0.0,0.0,1.0],[1.0,0.0,0.0,0.25000000151281654,0.0,1.0,0.0,10.307917594512649,0.0,0.0,1.0,8.881784197001252E-16,0.0,0.0,0.0,1.0],[1.0,0.0,0.0,0.25000000151281654,0.0,1.0,0.0,10.307917594512649,0.0,0.0,1.0,8.881784197001252E-16,0.0,0.0,0.0,1.0],[1.0,0.0,0.0,0.25000000151281654,0.0,1.0,0.0,10.307917594512649,0.0,0.0,1.0,8.881784197001252E-16,0.0,0.0,0.0,1.0],[1.0,0.0,0.0,0.25000000151281654,0.0,1.0,0.0,10.307917594512649,0.0,0.0,1.0,8.881784197001252E-16,0.0,0.0,0.0,1.0],[1.0,0.0,0.0,0.25000000151281654,0.0,1.0,0.0,10.307917594512649,0.0,0.0,1.0,8.881784197001252E-16,0.0,0.0,0.0,1.0],[1.0,0.0,0.0,0.25000000151281654,0.0,1.0,0.0,10.307917594512649,0.0,0.0,1.0,8.881784197001252E-16,0.0,0.0,0.0,1.0],[1.0,0.0,0.0,0.25000000151281654,0.0,1.0,0.0,10.307917594512649,0.0,0.0,1.0,8.881784197001252E-16,0.0,0.0,0.0,1.0],[1.0,0.0,0.0,0.25000000151281654,0.0,1.0,0.0,10.307917594512649,0.0,0.0,1.0,8.881784197001252E-16,0.0,0.0,0.0,1.0],[1.0,0.0,0.0,0.25000000151281654,0.0,1.0,0.0,10.307917594512649,0.0,0.0,1.0,8.881784197001252E-16,0.0,0.0,0.0,1.0],[1.0,0.0,0.0,0.25000000151281654,0.0,1.0,0.0,10.307917594512649,0.0,0.0,1.0,8.881784197001252E-16,0.0,0.0,0.0,1.0],[1.0,0.0,0.0,0.25000000151281654,0.0,1.0,0.0,10.307917594512649,0.0,0.0,1.0,8.881784197001252E-16,0.0,0.0,0.0,1.0],[1.0,0.0,0.0,0.25000000151281654,0.0,1.0,0.0,10.307917594512649,0.0,0.0,1.0,8.881784197001252E-16,0.0,0.0,0.0,1.0],[1.0,0.0,0.0,0.25000000151281654,0.0,1.0,0.0,10.307917594512649,0.0,0.0,1.0,8.881784197001252E-16,0.0,0.0,0.0,1.0],[1.0,0.0,0.0,0.25000000151281654,0.0,1.0,0.0,10.307917594512649,0.0,0.0,1.0,8.881784197001252E-16,0.0,0.0,0.0,1.0],[1.0,0.0,0.0,0.25000000151281654,0.0,1.0,0.0,10.307917594512649,0.0,0.0,1.0,8.881784197001252E-16,0.0,0.0,0.0,1.0],[1.0,0.0,0.0,0.25000000151281654,0.0,1.0,0.0,10.307917594512649,0.0,0.0,1.0,8.881784197001252E-16,0.0,0.0,0.0,1.0],[1.0,0.0,0.0,0.25000000151281654,0.0,1.0,0.0,10.307917594512649,0.0,0.0,1.0,8.881784197001252E-16,0.0,0.0,0.0,1.0],[1.0,0.0,0.0,0.25000000151281654,0.0,1.0,0.0,10.307917594512649,0.0,0.0,1.0,8.881784197001252E-16,0.0,0.0,0.0,1.0],[1.0,0.0,0.0,0.25000000151281654,0.0,1.0,0.0,10.307917594512649,0.0,0.0,1.0,8.881784197001252E-16,0.0,0.0,0.0,1.0],[1.0,0.0,0.0,0.25000000151281654,0.0,1.0,0.0,10.307917594512649,0.0,0.0,1.0,8.881784197001252E-16,0.0,0.0,0.0,1.0],[1.0,0.0,0.0,0.25000000151281654,0.0,1.0,0.0,10.307917594512649,0.0,0.0,1.0,8.881784197001252E-16,0.0,0.0,0.0,1.0],[1.0,0.0,0.0,0.25000000151281654,0.0,1.0,0.0,10.307917594512649,0.0,0.0,1.0,8.881784197001252E-16,0.0,0.0,0.0,1.0],[1.0,0.0,0.0,0.25000000151281654,0.0,1.0,0.0,10.307917594512649,0.0,0.0,1.0,8.881784197001252E-16,0.0,0.0,0.0,1.0],[1.0,0.0,0.0,0.25000000151281654,0.0,1.0,0.0,10.307917594512649,0.0,0.0,1.0,8.881784197001252E-16,0.0,0.0,0.0,1.0],[1.0,0.0,0.0,0.25000000151281654,0.0,1.0,0.0,10.307917594512649,0.0,0.0,1.0,8.881784197001252E-16,0.0,0.0,0.0,1.0],[1.0,0.0,0.0,0.25000000151281654,0.0,1.0,0.0,10.307917594512649,0.0,0.0,1.0,8.881784197001252E-16,0.0,0.0,0.0,1.0],[1.0,0.0,0.0,0.25000000151281654,0.0,1.0,0.0,10.307917594512649,0.0,0.0,1.0,8.881784197001252E-16,0.0,0.0,0.0,1.0],[1.0,0.0,0.0,0.25000000151281654,0.0,1.0,0.0,10.307917594512649,0.0,0.0,1.0,8.881784197001252E-16,0.0,0.0,0.0,1.0],[1.0,0.0,0.0,0.25000000151281654,0.0,1.0,0.0,10.307917594512649,0.0,0.0,1.0,8.881784197001252E-16,0.0,0.0,0.0,1.0],[1.0,0.0,0.0,0.25000000151281654,0.0,1.0,0.0,10.307917594512649,0.0,0.0,1.0,8.881784197001252E-16,0.0,0.0,0.0,1.0],[1.0,0.0,0.0,0.25000000151281654,0.0,1.0,0.0,10.307917594512649,0.0,0.0,1.0,8.881784197001252E-16,0.0,0.0,0.0,1.0],[1.0,0.0,0.0,0.25000000151281654,0.0,1.0,0.0,10.307917594512649,0.0,0.0,1.0,8.881784197001252E-16,0.0,0.0,0.0,1.0],[1.0,0.0,0.0,0.25000000151281654,0.0,1.0,0.0,10.307917594512649,0.0,0.0,1.0,8.881784197001252E-16,0.0,0.0,0.0,1.0],[1.0,0.0,0.0,0.25000000151281654,0.0,1.0,0.0,10.307917594512649,0.0,0.0,1.0,8.881784197001252E-16,0.0,0.0,0.0,1.0],[1.0,0.0,0.0,0.25000000151281654,0.0,1.0,0.0,10.307917594512649,0.0,0.0,1.0,8.881784197001252E-16,0.0,0.0,0.0,1.0],[1.0,0.0,0.0,0.25000000151281654,0.0,1.0,0.0,10.307917594512649,0.0,0.0,1.0,8.881784197001252E-16,0.0,0.0,0.0,1.0],[1.0,0.0,0.0,0.25000000151281654,0.0,1.0,0.0,10.307917594512649,0.0,0.0,1.0,8.881784197001252E-16,0.0,0.0,0.0,1.0],[1.0,0.0,0.0,0.25000000151281654,0.0,1.0,0.0,10.307917594512649,0.0,0.0,1.0,8.881784197001252E-16,0.0,0.0,0.0,1.0],[1.0,0.0,0.0,0.25000000151281654,0.0,1.0,0.0,10.307917594512649,0.0,0.0,1.0,8.881784197001252E-16,0.0,0.0,0.0,1.0],[1.0,0.0,0.0,0.25000000151281654,0.0,1.0,0.0,10.307917594512649,0.0,0.0,1.0,8.881784197001252E-16,0.0,0.0,0.0,1.0],[1.0,0.0,0.0,0.25000000151281654,0.0,1.0,0.0,10.307917594512649,0.0,0.0,1.0,8.881784197001252E-16,0.0,0.0,0.0,1.0],[1.0,0.0,0.0,0.25000000151281654,0.0,1.0,0.0,10.307917594512649,0.0,0.0,1.0,8.881784197001252E-16,0.0,0.0,0.0,1.0],[1.0,0.0,0.0,0.25000000151281654,0.0,1.0,0.0,10.307917594512649,0.0,0.0,1.0,8.881784197001252E-16,0.0,0.0,0.0,1.0],[1.0,0.0,0.0,0.25000000151281654,0.0,1.0,0.0,10.307917594512649,0.0,0.0,1.0,8.881784197001252E-16,0.0,0.0,0.0,1.0],[1.0,0.0,0.0,0.25000000151281654,0.0,1.0,0.0,10.307917594512649,0.0,0.0,1.0,8.881784197001252E-16,0.0,0.0,0.0,1.0],[1.0,0.0,0.0,0.25000000151281654,0.0,1.0,0.0,10.307917594512649,0.0,0.0,1.0,8.881784197001252E-16,0.0,0.0,0.0,1.0],[1.0,0.0,0.0,0.25000000151281654,0.0,1.0,0.0,10.307917594512649,0.0,0.0,1.0,8.881784197001252E-16,0.0,0.0,0.0,1.0],[1.0,0.0,0.0,0.25000000151281654,0.0,1.0,0.0,10.307917594512649,0.0,0.0,1.0,8.881784197001252E-16,0.0,0.0,0.0,1.0],[1.0,0.0,0.0,0.25000000151281654,0.0,1.0,0.0,10.307917594512649,0.0,0.0,1.0,8.881784197001252E-16,0.0,0.0,0.0,1.0],[1.0,0.0,0.0,0.25000000151281654,0.0,1.0,0.0,10.307917594512649,0.0,0.0,1.0,8.881784197001252E-16,0.0,0.0,0.0,1.0],[1.0,0.0,0.0,0.25000000151281654,0.0,1.0,0.0,10.307917594512649,0.0,0.0,1.0,8.881784197001252E-16,0.0,0.0,0.0,1.0],[1.0,0.0,0.0,0.25000000151281654,0.0,1.0,0.0,10.307917594512649,0.0,0.0,1.0,8.881784197001252E-16,0.0,0.0,0.0,1.0],[1.0,0.0,0.0,0.25000000151281654,0.0,1.0,0.0,10.307917594512649,0.0,0.0,1.0,8.881784197001252E-16,0.0,0.0,0.0,1.0],[1.0,0.0,0.0,0.25000000151281654,0.0,1.0,0.0,10.307917594512649,0.0,0.0,1.0,8.881784197001252E-16,0.0,0.0,0.0,1.0],[1.0,0.0,0.0,0.25000000151281654,0.0,1.0,0.0,10.307917594512649,0.0,0.0,1.0,8.881784197001252E-16,0.0,0.0,0.0,1.0],[1.0,0.0,0.0,0.25000000151281654,0.0,1.0,0.0,10.307917594512649,0.0,0.0,1.0,8.881784197001252E-16,0.0,0.0,0.0,1.0],[1.0,0.0,0.0,0.25000000151281654,0.0,1.0,0.0,10.307917594512649,0.0,0.0,1.0,8.881784197001252E-16,0.0,0.0,0.0,1.0],[1.0,0.0,0.0,0.25000000151281654,0.0,1.0,0.0,10.307917594512649,0.0,0.0,1.0,8.881784197001252E-16,0.0,0.0,0.0,1.0],[1.0,0.0,0.0,0.25000000151281654,0.0,1.0,0.0,10.307917594512649,0.0,0.0,1.0,8.881784197001252E-16,0.0,0.0,0.0,1.0],[1.0,0.0,0.0,0.25000000151281654,0.0,1.0,0.0,10.307917594512649,0.0,0.0,1.0,8.881784197001252E-16,0.0,0.0,0.0,1.0],[1.0,0.0,0.0,0.25000000151281654,0.0,1.0,0.0,10.307917594512649,0.0,0.0,1.0,8.881784197001252E-16,0.0,0.0,0.0,1.0],[1.0,0.0,0.0,0.25000000151281654,0.0,1.0,0.0,10.307917594512649,0.0,0.0,1.0,8.881784197001252E-16,0.0,0.0,0.0,1.0],[1.0,0.0,0.0,0.25000000151281654,0.0,1.0,0.0,10.307917594512649,0.0,0.0,1.0,8.881784197001252E-16,0.0,0.0,0.0,1.0],[1.0,0.0,0.0,0.25000000151281654,0.0,1.0,0.0,10.307917594512649,0.0,0.0,1.0,8.881784197001252E-16,0.0,0.0,0.0,1.0],[1.0,0.0,0.0,0.25000000151281654,0.0,1.0,0.0,10.307917594512649,0.0,0.0,1.0,8.881784197001252E-16,0.0,0.0,0.0,1.0],[1.0,0.0,0.0,0.25000000151281654,0.0,1.0,0.0,10.307917594512649,0.0,0.0,1.0,8.881784197001252E-16,0.0,0.0,0.0,1.0],[1.0,0.0,0.0,0.25000000151281654,0.0,1.0,0.0,10.307917594512649,0.0,0.0,1.0,8.881784197001252E-16,0.0,0.0,0.0,1.0],[1.0,0.0,0.0,0.25000000151281654,0.0,1.0,0.0,10.307917594512649,0.0,0.0,1.0,8.881784197001252E-16,0.0,0.0,0.0,1.0],[1.0,0.0,0.0,0.25000000151281654,0.0,1.0,0.0,10.307917594512649,0.0,0.0,1.0,8.881784197001252E-16,0.0,0.0,0.0,1.0],[1.0,0.0,0.0,0.25000000151281654,0.0,1.0,0.0,10.307917594512649,0.0,0.0,1.0,8.881784197001252E-16,0.0,0.0,0.0,1.0],[1.0,0.0,0.0,0.25000000151281654,0.0,1.0,0.0,10.307917594512649,0.0,0.0,1.0,8.881784197001252E-16,0.0,0.0,0.0,1.0],[1.0,0.0,0.0,0.25000000151281654,0.0,1.0,0.0,10.307917594512649,0.0,0.0,1.0,8.881784197001252E-16,0.0,0.0,0.0,1.0],[1.0,0.0,0.0,0.25000000151281654,0.0,1.0,0.0,10.307917594512649,0.0,0.0,1.0,8.881784197001252E-16,0.0,0.0,0.0,1.0],[1.0,0.0,0.0,0.25000000151281654,0.0,1.0,0.0,10.307917594512649,0.0,0.0,1.0,8.881784197001252E-16,0.0,0.0,0.0,1.0],[1.0,0.0,0.0,0.25000000151281654,0.0,1.0,0.0,10.307917594512649,0.0,0.0,1.0,8.881784197001252E-16,0.0,0.0,0.0,1.0],[1.0,0.0,0.0,0.25000000151281654,0.0,1.0,0.0,10.307917594512649,0.0,0.0,1.0,8.881784197001252E-16,0.0,0.0,0.0,1.0],[1.0,0.0,0.0,0.25000000151281654,0.0,1.0,0.0,10.307917594512649,0.0,0.0,1.0,8.881784197001252E-16,0.0,0.0,0.0,1.0],[1.0,0.0,0.0,0.25000000151281654,0.0,1.0,0.0,10.307917594512649,0.0,0.0,1.0,8.881784197001252E-16,0.0,0.0,0.0,1.0],[1.0,0.0,0.0,0.25000000151281654,0.0,1.0,0.0,10.307917594512649,0.0,0.0,1.0,8.881784197001252E-16,0.0,0.0,0.0,1.0],[1.0,0.0,0.0,0.25000000151281654,0.0,1.0,0.0,10.307917594512649,0.0,0.0,1.0,8.881784197001252E-16,0.0,0.0,0.0,1.0],[1.0,0.0,0.0,0.25000000151281654,0.0,1.0,0.0,10.307917594512649,0.0,0.0,1.0,8.881784197001252E-16,0.0,0.0,0.0,1.0],[1.0,0.0,0.0,0.25000000151281654,0.0,1.0,0.0,10.307917594512649,0.0,0.0,1.0,8.881784197001252E-16,0.0,0.0,0.0,1.0],[1.0,0.0,0.0,0.25000000151281654,0.0,1.0,0.0,10.307917594512649,0.0,0.0,1.0,8.881784197001252E-16,0.0,0.0,0.0,1.0],[1.0,0.0,0.0,0.25000000151281654,0.0,1.0,0.0,10.307917594512649,0.0,0.0,1.0,8.881784197001252E-16,0.0,0.0,0.0,1.0],[1.0,0.0,0.0,0.25000000151281654,0.0,1.0,0.0,10.307917594512649,0.0,0.0,1.0,8.881784197001252E-16,0.0,0.0,0.0,1.0],[1.0,0.0,0.0,0.25000000151281654,0.0,1.0,0.0,10.307917594512649,0.0,0.0,1.0,8.881784197001252E-16,0.0,0.0,0.0,1.0],[1.0,0.0,0.0,0.25000000151281654,0.0,1.0,0.0,10.307917594512649,0.0,0.0,1.0,8.881784197001252E-16,0.0,0.0,0.0,1.0],[1.0,0.0,0.0,0.25000000151281654,0.0,1.0,0.0,10.307917594512649,0.0,0.0,1.0,8.881784197001252E-16,0.0,0.0,0.0,1.0],[1.0,0.0,0.0,0.25000000151281654,0.0,1.0,0.0,10.307917594512649,0.0,0.0,1.0,8.881784197001252E-16,0.0,0.0,0.0,1.0],[1.0,0.0,0.0,0.25000000151281654,0.0,1.0,0.0,10.307917594512649,0.0,0.0,1.0,8.881784197001252E-16,0.0,0.0,0.0,1.0],[1.0,0.0,0.0,0.25000000151281654,0.0,1.0,0.0,10.307917594512649,0.0,0.0,1.0,8.881784197001252E-16,0.0,0.0,0.0,1.0],[1.0,0.0,0.0,0.25000000151281654,0.0,1.0,0.0,10.307917594512649,0.0,0.0,1.0,8.881784197001252E-16,0.0,0.0,0.0,1.0],[1.0,0.0,0.0,0.25000000151281654,0.0,1.0,0.0,10.307917594512649,0.0,0.0,1.0,8.881784197001252E-16,0.0,0.0,0.0,1.0],[1.0,0.0,0.0,0.25000000151281654,0.0,1.0,0.0,10.307917594512649,0.0,0.0,1.0,8.881784197001252E-16,0.0,0.0,0.0,1.0],[1.0,0.0,0.0,0.25000000151281654,0.0,1.0,0.0,10.307917594512649,0.0,0.0,1.0,8.881784197001252E-16,0.0,0.0,0.0,1.0],[1.0,0.0,0.0,0.25000000151281654,0.0,1.0,0.0,10.307917594512649,0.0,0.0,1.0,8.881784197001252E-16,0.0,0.0,0.0,1.0],[1.0,0.0,0.0,0.25000000151281654,0.0,1.0,0.0,10.307917594512649,0.0,0.0,1.0,8.881784197001252E-16,0.0,0.0,0.0,1.0],[1.0,0.0,0.0,0.25000000151281654,0.0,1.0,0.0,10.307917594512649,0.0,0.0,1.0,8.881784197001252E-16,0.0,0.0,0.0,1.0],[1.0,0.0,0.0,0.25000000151281654,0.0,1.0,0.0,10.307917594512649,0.0,0.0,1.0,8.881784197001252E-16,0.0,0.0,0.0,1.0],[1.0,0.0,0.0,0.25000000151281654,0.0,1.0,0.0,10.307917594512649,0.0,0.0,1.0,8.881784197001252E-16,0.0,0.0,0.0,1.0],[1.0,0.0,0.0,0.25000000151281654,0.0,1.0,0.0,10.307917594512649,0.0,0.0,1.0,8.881784197001252E-16,0.0,0.0,0.0,1.0],[1.0,0.0,0.0,0.25000000151281654,0.0,1.0,0.0,10.307917594512649,0.0,0.0,1.0,8.881784197001252E-16,0.0,0.0,0.0,1.0],[1.0,0.0,0.0,0.25000000151281654,0.0,1.0,0.0,10.307917594512649,0.0,0.0,1.0,8.881784197001252E-16,0.0,0.0,0.0,1.0],[1.0,0.0,0.0,0.25000000151281654,0.0,1.0,0.0,10.307917594512649,0.0,0.0,1.0,8.881784197001252E-16,0.0,0.0,0.0,1.0],[1.0,0.0,0.0,0.25000000151281654,0.0,1.0,0.0,10.307917594512649,0.0,0.0,1.0,8.881784197001252E-16,0.0,0.0,0.0,1.0],[1.0,0.0,0.0,0.25000000151281654,0.0,1.0,0.0,10.307917594512649,0.0,0.0,1.0,8.881784197001252E-16,0.0,0.0,0.0,1.0],[1.0,0.0,0.0,0.25000000151281654,0.0,1.0,0.0,10.307917594512649,0.0,0.0,1.0,8.881784197001252E-16,0.0,0.0,0.0,1.0],[1.0,0.0,0.0,0.25000000151281654,0.0,1.0,0.0,10.307917594512649,0.0,0.0,1.0,8.881784197001252E-16,0.0,0.0,0.0,1.0],[1.0,0.0,0.0,0.25000000151281654,0.0,1.0,0.0,10.307917594512649,0.0,0.0,1.0,8.881784197001252E-16,0.0,0.0,0.0,1.0],[1.0,0.0,0.0,0.25000000151281654,0.0,1.0,0.0,10.307917594512649,0.0,0.0,1.0,8.881784197001252E-16,0.0,0.0,0.0,1.0],[1.0,0.0,0.0,0.25000000151281654,0.0,1.0,0.0,10.307917594512649,0.0,0.0,1.0,8.881784197001252E-16,0.0,0.0,0.0,1.0],[1.0,0.0,0.0,0.25000000151281654,0.0,1.0,0.0,10.307917594512649,0.0,0.0,1.0,8.881784197001252E-16,0.0,0.0,0.0,1.0],[1.0,0.0,0.0,0.25000000151281654,0.0,1.0,0.0,10.307917594512649,0.0,0.0,1.0,8.881784197001252E-16,0.0,0.0,0.0,1.0],[1.0,0.0,0.0,0.25000000151281654,0.0,1.0,0.0,10.307917594512649,0.0,0.0,1.0,8.881784197001252E-16,0.0,0.0,0.0,1.0],[1.0,0.0,0.0,0.25000000151281654,0.0,1.0,0.0,10.307917594512649,0.0,0.0,1.0,8.881784197001252E-16,0.0,0.0,0.0,1.0],[1.0,0.0,0.0,0.25000000151281654,0.0,1.0,0.0,10.307917594512649,0.0,0.0,1.0,8.881784197001252E-16,0.0,0.0,0.0,1.0],[1.0,0.0,0.0,0.25000000151281654,0.0,1.0,0.0,10.307917594512649,0.0,0.0,1.0,8.881784197001252E-16,0.0,0.0,0.0,1.0],[1.0,0.0,0.0,0.25000000151281654,0.0,1.0,0.0,10.307917594512649,0.0,0.0,1.0,8.881784197001252E-16,0.0,0.0,0.0,1.0],[1.0,0.0,0.0,0.25000000151281654,0.0,1.0,0.0,10.307917594512649,0.0,0.0,1.0,8.881784197001252E-16,0.0,0.0,0.0,1.0],[1.0,0.0,0.0,0.25000000151281654,0.0,1.0,0.0,10.307917594512649,0.0,0.0,1.0,8.881784197001252E-16,0.0,0.0,0.0,1.0],[1.0,0.0,0.0,0.25000000151281654,0.0,1.0,0.0,10.307917594512649,0.0,0.0,1.0,8.881784197001252E-16,0.0,0.0,0.0,1.0],[1.0,0.0,0.0,0.25000000151281654,0.0,1.0,0.0,10.307917594512649,0.0,0.0,1.0,8.881784197001252E-16,0.0,0.0,0.0,1.0],[1.0,0.0,0.0,0.25000000151281654,0.0,1.0,0.0,10.307917594512649,0.0,0.0,1.0,8.881784197001252E-16,0.0,0.0,0.0,1.0],[1.0,0.0,0.0,0.25000000151281654,0.0,1.0,0.0,10.307917594512649,0.0,0.0,1.0,8.881784197001252E-16,0.0,0.0,0.0,1.0],[1.0,0.0,0.0,0.25000000151281654,0.0,1.0,0.0,10.307917594512649,0.0,0.0,1.0,8.881784197001252E-16,0.0,0.0,0.0,1.0],[1.0,0.0,0.0,0.25000000151281654,0.0,1.0,0.0,10.307917594512649,0.0,0.0,1.0,8.881784197001252E-16,0.0,0.0,0.0,1.0]],"oOriginMatrix":[1.0,0.0,0.0,-0.25000000151281654,0.0,1.0,0.0,-10.307917594512649,0.0,0.0,1.0,-8.881784197001252E-16,0.0,0.0,0.0,1.0],"NodeNames":["SJ008 - BASE:1"]},{"oMatricies":[[1.0,0.0,-6.162975822039155E-33,0.25000000151281654,0.0,1.0,0.0,10.307917594512649,6.162975822039155E-33,0.0,1.0,8.881784197001252E-16,0.0,0.0,0.0,1.0],[0.9999360919737477,0.01130539553792309,3.9132379894699565E-21,0.27306727229169603,-0.01130539553792309,0.9999360919737477,6.922558229306053E-19,10.390683249170365,3.913237989506934E-21,-6.922558229306115E-19,1.0,8.867659567339042E-16,0.0,0.0,0.0,1.0],[0.9997499652776225,0.0223608346756754,1.5310211121751636E-20,0.2965310294683263,-0.0223608346756754,0.9997499652776225,1.3692062305914449E-18,10.471371867469086,1.531021112178245E-20,-1.369206230591448E-18,1.0,8.853292159777875E-16,0.0,0.0,0.0,1.0],[0.9994493234101066,0.033182072495253734,3.3719216158918245E-20,0.32036628275633916,-0.033182072495253734,0.9994493234101066,2.0318159435193897E-18,10.550114367542212,3.371921615893057E-20,-2.031815943519399E-18,1.0,8.838697276454861E-16,0.0,0.0,0.0,1.0],[0.9990410559450573,0.04378319924565788,5.871838837234136E-20,0.3445506818429571,-0.04378319924565788,0.9990410559450573,2.68094774063128E-18,10.627027833659792,5.871838837236601E-20,-2.6809477406312864E-18,1.0,8.823888602989493E-16,0.0,0.0,0.0,1.0],[0.998531354499103,0.05417687774490937,8.992860058776549E-20,0.36906414064289983,-0.05417687774490937,0.998531354499103,3.31737699590503E-18,10.702217488717793,8.992860058780863E-20,-3.3173769959050364E-18,1.0,8.808878438561805E-16,0.0,0.0,0.0,1.0],[0.9979258082464113,0.06437453872259269,1.2700761459250927E-19,0.39388852744099445,-0.06437453872259269,0.9979258082464113,3.941803639660519E-18,10.775778317455629,1.2700761459250927E-19,-3.9418036396605255E-18,1.0,8.793677885645265E-16,0.0,0.0,0.0,1.0],[0.9972294832273003,0.07438654301828784,1.6964522488354325E-19,0.41900740760893385,-0.07438654301828784,0.9972294832273003,4.554862090349149E-18,10.84779641425951,1.6964522488353093E-19,-4.554862090349155E-18,1.0,8.778297007547349E-16,0.0,0.0,0.0,1.0],[0.996446988692505,0.08422231726590718,2.1755919625289717E-19,0.4444058283792849,-0.08422231726590718,0.996446988692505,5.1571295628233005E-18,10.918350110644422,2.1755919625291566E-19,-5.1571295628233035E-18,1.0,8.762744960197444E-16,0.0,0.0,0.0,1.0],[0.9955825329849918,0.09389046818068503,2.7049184201342393E-19,0.47007013756057425,-0.09389046818068503,0.9955825329849918,5.749133066396118E-18,10.987510924932764,2.7049184201349173E-19,-5.749133066396127E-18,1.0,8.747030103151846E-16,0.0,0.0,0.0,1.0],[0.9946399709096123,0.10339887943747672,3.282071234439889E-19,0.4959878298664204,-0.10339887943747672,0.9946399709096123,6.331355336926439E-18,11.055344367273843,3.282071234440074E-19,-6.331355336926445E-18,1.0,8.731160093690025E-16,0.0,0.0,0.0,1.0],[0.9936228441250676,0.11275479427861024,3.904881764949696E-19,0.5221474158808928,-0.11275479427861024,0.9936228441250676,6.904239895090913E-18,11.121910626081688,3.904881764950004E-19,-6.904239895090913E-18,1.0,8.715141967050205E-16,0.0,0.0,0.0,1.0],[0.9925344157759218,0.12196488634172498,4.571351911891089E-19,0.5485383097095422,-0.12196488634172498,0.9925344157759218,7.468195383338208E-18,11.18726515658578,4.571351911891212E-19,-7.46819538333822E-18,1.0,8.69898220522326E-16,0.0,0.0,0.0,1.0],[0.9913777003388117,0.13103532069991486,5.27963584068177E-19,0.5751507321560005,-0.13103532069991486,0.9913777003388117,8.023599303519872E-18,11.251459188049907,5.279635840681894E-19,-8.023599303519878E-18,1.0,8.682686796239953E-16,0.0,0.0,0.0,1.0],[0.9901554894679814,0.13997180671986154,6.028024156104467E-19,0.6019756268770458,-0.13997180671986154,0.9901554894679814,8.570801253517513E-18,11.314540163001904,6.02802415610459E-19,-8.570801253517522E-18,1.0,8.666261285511156E-16,0.0,0.0,0.0,1.0],[0.9888703744773557,0.148779644041161,6.814930136007564E-19,0.6290045874490158,-0.148779644041161,0.9888703744773557,9.110125742664515E-18,11.376552119303245,6.814930136007441E-19,-9.110125742664527E-18,1.0,8.649710820486786E-16,0.0,0.0,0.0,1.0],[0.9875247659797144,0.15746376274149637,7.638877705778501E-19,0.6562297936568093,-0.15746376274149637,0.9875247659797144,9.641874651153588E-18,11.437536023905384,7.638877705778501E-19,-9.64187465115359E-18,1.0,8.633040189667535E-16,0.0,0.0,0.0,1.0],[0.9861209111108622,0.1660287585627353,8.498490891582172E-19,0.6836439556173062,-0.1660287585627353,0.9861209111108622,1.0166329387013118E-17,11.497530065564387,8.498490891582049E-19,-1.0166329387013124E-17,1.0,8.616253856819421E-16,0.0,0.0,0.0,1.0],[0.9846609086925397,0.17447892392143638,9.392484535755147E-19,0.7112402645897582,-0.17447892392143638,0.9846609086925397,1.068375278495308E-17,11.556569912525681,9.39248453575527E-19,-1.0683752784953086E-17,1.0,8.599355991093722E-16,0.0,0.0,0.0,1.0],[0.9831467226281347,0.18281827530517236,1.0319656094298752E-18,0.7390123495190153,-0.18281827530517236,0.9831467226281347,1.1194390783905945E-17,11.614688940176425,1.0319656094298814E-18,-1.1194390783905948E-17,1.0,8.582350493636591E-16,0.0,0.0,0.0,1.0],[0.9815801937768964,0.19105057755712435,1.1278878366019046E-18,0.7669542385146766,-0.19105057755712435,0.9815801937768964,1.169847391402927E-17,11.671918432840679,1.1278878366019354E-18,-1.1698473914029273E-17,1.0,8.565241021176257E-16,0.0,0.0,0.0,1.0],[0.9799630505129331,0.19917936547089077,1.2269093027006999E-18,0.7950603245968821,-0.19917936547089077,0.9799630505129331,1.2196218619006368E-17,11.728287763223506,1.2269093027006814E-18,-1.2196218619006383E-17,1.0,8.548031006997692E-16,0.0,0.0,0.0,1.0],[0.9782969181430117,0.20720796305133993,1.328930486389697E-18,0.8233253351442311,-0.20720796305133993,0.9782969181430117,1.2687828435433322E-17,11.783824552460885,1.3289304863896908E-18,-1.2687828435433331E-17,1.0,8.530723679650353E-16,0.0,0.0,0.0,1.0],[0.976583327330568,0.21513950074302252,1.4338576615650686E-18,0.8517443045656279,-0.21513950074302252,0.976583327330568,1.3173495047755106E-17,11.838554813280858,1.4338576615650625E-18,-1.3173495047755112E-17,1.0,8.513322079681862E-16,0.0,0.0,0.0,1.0],[0.9748237216513396,0.22297693088261777,1.5416024347064858E-18,0.8803125497892488,-0.22297693088261777,0.9748237216513396,1.3653399234454919E-17,11.892503078407078,1.541602434706492E-18,-1.3653399234454922E-17,1.0,8.49582907464668E-16,0.0,0.0,0.0,1.0],[0.9730194643877357,0.2307230415944712,1.6520813288420077E-18,0.9090256482210624,-0.2307230415944712,0.9730194643877357,1.412771171891055E-17,11.945692516025126,1.6520813288420631E-18,-1.4127711718910546E-17,1.0,8.478247372602617E-16,0.0,0.0,0.0,1.0],[0.9711718446537647,0.23838046931702184,1.7652154085044654E-18,0.9378794178750862,-0.23838046931702184,0.9711718446537647,1.459659393641673E-17,11.99814503387207,1.7652154085045147E-18,-1.459659393641673E-17,1.0,8.460579534277549E-16,0.0,0.0,0.0,1.0],[0.9692820829295287,0.24595171012171158,1.8809299408413344E-18,0.9668698994190645,-0.24595171012171158,0.9692820829295287,1.5060198727268594E-17,12.049881373291988,1.8809299408413344E-18,-1.506019872726861E-17,1.0,8.442827984063264E-16,0.0,0.0,0.0,1.0],[0.9673513360734917,0.25343912996384477,1.9991540887018485E-18,0.995993339914282,-0.25343912996384477,0.9673513360734917,1.551867096444562E-17,12.100921194416493,1.9991540887017684E-18,-1.551867096444564E-17,1.0,8.424995019971951E-16,0.0,0.0,0.0,1.0],[0.9653807018716031,0.2608449739862568,2.119820632083465E-18,1.0252461780578344,-0.2608449739862568,0.9653807018716031,1.5972148123297193E-17,12.151283153474445,2.1198206320834773E-18,-1.597214812329721E-17,1.0,8.407082822672713E-16,0.0,0.0,0.0,1.0],[0.9633712231746061,0.2681713749807456,2.242865714795053E-18,1.05462503076091,-0.2681713749807456,0.9633712231746061,1.6420760799655726E-17,12.200984973103026,2.2428657147951022E-18,-1.642076079965574E-17,1.0,8.389093463709988E-16,0.0,0.0,0.0,1.0],[0.9613238916682639,0.2754203610987827,2.3682286135968534E-18,1.0841266809178531,-0.2754203610987827,0.9613238916682639,1.686463318198162E-17,12.250043506420624,2.368228613596841E-18,-1.6864633181981622E-17,1.0,8.371028912992859E-16,0.0,0.0,0.0,1.0],[0.9592396513156107,0.28259386289143973,2.4958515274233725E-18,1.113748066239273,-0.28259386289143973,0.9592396513156107,1.730388348243438E-17,12.298474795525784,2.4958515274233848E-18,-1.7303883482434382E-17,1.0,8.352891045632765E-16,0.0,0.0,0.0,1.0],[0.9571194015054798,0.28969371974862046,2.625679384591822E-18,1.1434862690379077,-0.28969371974862046,0.9571194015054798,1.7738624331161906E-17,12.346294125004635,2.6256793845918835E-18,-1.7738624331161912E-17,1.0,8.334681648197893E-16,0.0,0.0,0.0,1.0],[0.9549639999374273,0.2967216857991836,2.7576596661514794E-18,1.1733385068697881,-0.2967216857991836,0.9549639999374273,1.816896313757884E-17,12.39351607095848,2.757659666151498E-18,-1.8168963137578846E-17,1.0,8.316402424443794E-16,0.0,0.0,0.0,1.0],[0.9527742652695723,0.3036794353261789,2.8917422437500195E-18,1.2033021239443782,-0.3036794353261789,0.9527742652695723,1.859500242195401E-17,12.440154546002256,2.891742243750032E-18,-1.8595002421954006E-17,1.0,8.298055000573158E-16,0.0,0.0,0.0,1.0],[0.9505509795527753,0.310568567745127,3.0278792305832677E-18,1.233374583227934,-0.310568567745127,0.9505509795527753,1.901684012024238E-17,12.486222840632031,3.0278792305833047E-18,-1.901684012024238E-17,1.0,8.2796409300711095E-16,0.0,0.0,0.0,1.0],[0.9482948904718922,0.31739061218772996,3.1660248441580184E-18,1.2635534591727113,-0.31739061218772996,0.9482948904718922,1.943456986475611E-17,12.531733661313737,3.1660248441580307E-18,-1.943456986475612E-17,1.0,8.261161698157291E-16,0.0,0.0,0.0,1.0],[0.9460067134124964,0.3241470317286386,3.3061352797415874E-18,1.2938364310123376,-0.3241470317286386,0.9460067134124964,1.9848281242979643E-17,12.576699165605955,3.3061352797416367E-18,-1.9848281242979643E-17,1.0,8.242618725891256E-16,0.0,0.0,0.0,1.0],[0.9436871333694246,0.3308392272887207,3.448168593497302E-18,1.3242212765703467,-0.3308392272887207,0.9436871333694246,2.0258060036575767E-17,12.621130994594463,3.448168593497302E-18,-2.0258060036575782E-17,1.0,8.224013373963656E-16,0.0,0.0,0.0,1.0],[0.9413368067117158,0.33746854124464676,3.592084594412984E-18,1.354705866534598,-0.33746854124464676,0.9413368067117158,2.0663988442409152E-17,12.665040302886432,3.592084594413003E-18,-2.066398844240916E-17,1.0,8.205346946202135E-16,0.0,0.0,0.0,1.0],[0.9389563628169586,0.34403626077137317,3.737844744226199E-18,1.3852881591553068,-0.34403626077137317,0.9389563628169586,2.1066145277214304E-17,12.708437786385115,3.737844744226217E-18,-2.1066145277214307E-17,1.0,8.186620692817866E-16,0.0,0.0,0.0,1.0],[0.9365464055866781,0.350543620941351,3.885412064633441E-18,1.4159661953290064,-0.350543620941351,0.9365464055866781,2.1464606167367434E-17,12.751333708043031,3.885412064633478E-18,-2.1464606167367434E-17,1.0,8.167835813415741E-16,0.0,0.0,0.0,1.0],[0.934107514853199,0.3569918076017722,4.0347510511447155E-18,1.4467380940345986,-0.3569918076017722,0.934107514853199,2.1859443725066906E-17,12.79373792177071,4.034751051144734E-18,-2.185944372506691E-17,1.0,8.148993459788998E-16,0.0,0.0,0.0,1.0],[0.931640247687342,0.36338196004902124,4.185827593010127E-18,1.4776020480910717,-0.36338196004902124,0.931640247687342,2.2250727712096255E-17,12.83565989466027,4.185827593010133E-18,-2.2250727712096264E-17,1.0,8.130094738516852E-16,0.0,0.0,0.0,1.0],[0.9291451396153846,0.369715173517544,4.338608898702596E-18,1.5085563202095784,-0.369715173517544,0.9291451396153846,2.2638525192223423E-17,12.877108727666975,4.338608898702608E-18,-2.2638525192223426E-17,1.0,8.111140713381919E-16,0.0,0.0,0.0,1.0],[0.9266227057528735,0.3759925014986653,4.4930634264918374E-18,1.5395992393152733,-0.3759925014986653,0.9266227057528735,2.3022900673187347E-17,12.918093174877626,4.4930634264918744E-18,-2.302290067318735E-17,1.0,8.092132407622429E-16,0.0,0.0,0.0,1.0],[0.9240734418621319,0.3822149579033675,4.649160819690775E-18,1.5707291971166715,-0.3822149579033675,0.9240734418621319,2.3403916239129968E-17,12.958621661482375,4.649160819690794E-18,-2.3403916239129974E-17,1.0,8.073070806032892E-16,0.0,0.0,0.0,1.0],[0.9214978253396655,0.38838351908167695,4.80687184619427E-18,1.6019446449024226,-0.38838351908167695,0.9214978253396655,2.3781631674248018E-17,12.998702300555038,4.8068718461942455E-18,-2.378163167424803E-17,1.0,8.053956856925508E-16,0.0,0.0,0.0,1.0],[0.9188963161390586,0.39449912571014334,4.966168341968011E-18,1.6332440905473735,-0.39449912571014334,0.9188963161390586,2.4156104578367814E-17,13.038342908737267,4.96616834196806E-18,-2.415610457836781E-17,1.0,8.034791473963418E-16,0.0,0.0,0.0,1.0],[0.9162693576344585,0.4005626845577821,5.12702315817564E-18,1.6646260957113448,-0.4005626845577821,0.9162693576344585,2.4527390475077934E-17,13.07755102091281,5.127023158175597E-18,-2.4527390475077958E-17,1.0,8.015575537875977E-16,0.0,0.0,0.0,1.0],[0.9136173774292473,0.40657507013994926,5.289410111661323E-18,1.6960892732157493,-0.40657507013994926,0.9136173774292473,2.4895542912999958E-17,13.116333903950558,5.289410111661311E-18,-2.4895542912999973E-17,1.0,7.996309898065089E-16,0.0,0.0,0.0,1.0],[0.9109407881141116,0.41253712626870503,5.453303938531949E-18,1.7276322845843506,-0.41253712626870503,0.9109407881141116,2.5260613560720847E-17,13.154698569587438,5.453303938531973E-18,-2.526061356072086E-17,1.0,7.976995374111075E-16,0.0,0.0,0.0,1.0],[0.9082399879783237,0.4184496675074967,5.6186802506034185E-18,1.759253837735816,-0.4184496675074967,0.9082399879783237,2.5622652295866492E-17,13.192651786516219,5.618680250603437E-18,-2.5622652295866498E-17,1.0,7.957632757185571E-16,0.0,0.0,0.0,1.0],[0.9055153616777236,0.42431348053728063,5.785515494498553E-18,1.7909526848167205,-0.42431348053728063,0.9055153616777236,2.5981707288752657E-17,13.230200091737451,5.785515494498553E-18,-2.598170728875267E-17,1.0,7.938222811378428E-16,0.0,0.0,0.0,1.0],[0.9027672808625795,0.43012932544059945,5.953786913201772E-18,1.8227276201647236,-0.43012932544059945,0.9027672808625795,2.6337825081011997E-17,13.267349801229638,5.953786913201809E-18,-2.633782508101199E-17,1.0,7.918766274944903E-16,0.0,0.0,0.0,1.0],[0.8999961047682359,0.435897936909551,6.12347250989237E-18,1.854577478392459,-0.435897936909551,0.8999961047682359,2.669105065956082E-17,13.304107019986947,6.123472509892364E-18,-2.6691050659560835E-17,1.0,7.899263861478958E-16,0.0,0.0,0.0,1.0],[0.8972021807712183,0.44162002538310063,6.2945510138927785E-18,1.8865011325834917,-0.44162002538310063,0.8972021807712183,2.7041427526239347E-17,13.34047765146983,6.294551013892803E-18,-2.7041427526239353E-17,1.0,7.87971626101789E-16,0.0,0.0,0.0,1.0],[0.8943858449132203,0.4472962781187266,6.467001848583872E-18,1.9184974925924783,-0.4472962781187266,0.8943858449132203,2.7388997763431125E-17,13.376467406509942,6.4670018485838286E-18,-2.7388997763431143E-17,1.0,7.860124141083206E-16,0.0,0.0,0.0,1.0],[0.8915474223952262,0.45292736020296687,6.6408051011482984E-18,1.9505655034421459,-0.45292736020296687,0.8915474223952262,2.7733802095941182E-17,13.412081811707417,6.640805101148317E-18,-2.7733802095941185E-17,1.0,7.840488147662168E-16,0.0,0.0,0.0,1.0],[0.8886872280438121,0.45851391550508686,6.815941494018242E-18,1.9827041438106408,-0.45851391550508686,0.8886872280438121,2.807587994939122E-17,13.44732621735541,6.815941494018248E-18,-2.807587994939123E-17,1.0,7.820808906134057E-16,0.0,0.0,0.0,1.0],[0.8858055667515246,0.4640565675777154,6.992392357909577E-18,2.0149124246028522,-0.4640565675777154,0.8858055667515246,2.841526950536782E-17,13.482205804924064,6.992392357909602E-18,-2.8415269505367834E-17,1.0,7.801087022144947E-16,0.0,0.0,0.0,1.0],[0.8829027338930718,0.46955592050802636,7.170139606337763E-18,2.0471893876002785,-0.46955592050802636,0.8829027338930718,2.875200775354216E-17,13.516725594133455,7.170139606337769E-18,-2.875200775354216E-17,1.0,7.78132308243445E-16,0.0,0.0,0.0,1.0],[0.879979015718934,0.4750125597227256,7.349165711516114E-18,2.07953410418414,-0.4750125597227256,0.879979015718934,2.9086130540961355E-17,13.550890449642708,7.349165711516127E-18,-2.908613054096137E-17,1.0,7.761517655617572E-16,0.0,0.0,0.0,1.0],[0.8770346897278675,0.4804270527498878,7.529453681546406E-18,2.111945674126904,-0.4804270527498878,0.8770346897278675,2.941767261869733E-17,13.584705087380584,7.52945368154643E-18,-2.9417672618697336E-17,1.0,7.741671292924697E-16,0.0,0.0,0.0,1.0],[0.8740700250196725,0.48579994994041475,7.710987038818203E-18,2.144423224447916,-0.48579994994041475,0.8740700250196725,2.974666768602365E-17,13.618174080540474,7.710987038818246E-18,-2.9746667686023655E-17,1.0,7.721784528902312E-16,0.0,0.0,0.0,1.0],[0.8710852826294847,0.4911317851517154,7.893749799539375E-18,2.176965908328919,-0.4911317851517154,0.8710852826294847,3.0073148432278666E-17,13.651301865261509,7.893749799539357E-18,-3.0073148432278685E-17,1.0,7.701857882077043E-16,0.0,0.0,0.0,1.0],[0.8680807158447563,0.49642307639598665,8.077726454326471E-18,2.2095729040857517,-0.49642307639598665,0.8680807158447563,3.0397146576561354E-17,13.684092746015523,8.077726454326465E-18,-3.039714657656136E-17,1.0,7.681891855585336E-16,0.0,0.0,0.0,1.0],[0.8650565705060124,0.5016743264552977,8.262901949788925E-18,2.242243414192643,-0.5016743264552977,0.8650565705060124,3.071869290539423E-17,13.716550900718158,8.262901949788925E-18,-3.071869290539425E-17,1.0,7.661886937770879E-16,0.0,0.0,0.0,1.0],[0.8620130852923789,0.5068860234655459,8.449261671045348E-18,2.2749766643559726,-0.5068860234655459,0.8620130852923789,3.1037817308480534E-17,13.74868038558127,8.44926167104536E-18,-3.103781730848054E-17,1.0,7.641843602751773E-16,0.0,0.0,0.0,1.0],[0.8589504919928163,0.512058641471169,8.636791425115333E-18,2.3077719026343484,-0.512058641471169,0.8589504919928163,3.135454881267046E-17,13.780485139722405,8.63679142511532E-18,-3.135454881267047E-17,1.0,7.621762310959329E-16,0.0,0.0,0.0,1.0],[0.8558690157639178,0.517192640952385,8.825477425133785E-18,2.3406283986022896,-0.517192640952385,0.8558690157639178,3.166891561424523E-17,13.811968989545921,8.825477425133791E-18,-3.1668915614245246E-17,1.0,7.60164350965016E-16,0.0,0.0,0.0,1.0],[0.8527688753750797,0.522288469326599,9.015306275338684E-18,2.373545442554885,-0.522288469326599,0.8527688753750797,3.198094510961949E-17,13.843135652909485,9.015306275338672E-18,-3.19809451096195E-17,1.0,7.581487633393189E-16,0.0,0.0,0.0,1.0],[0.8496502834417816,0.5273465614255017,9.206264956786693E-18,2.4065223447509982,-0.5273465614255017,0.8496502834417816,3.229066392455518E-17,13.873988743088567,9.206264956786711E-18,-3.229066392455519E-17,1.0,7.561295104533057E-16,0.0,0.0,0.0,1.0],[0.8465134466476769,0.5323673399492788,9.398340813754088E-18,2.4395584346928096,-0.5323673399492788,0.8465134466476769,3.259809794197375E-17,13.904531772550744,9.398340813754125E-18,-3.2598097941973755E-17,1.0,7.541066333631265E-16,0.0,0.0,0.0,1.0],[0.8433585659561389,0.5373512158992524,9.591521540783278E-18,2.4726530604395203,-0.5373512158992524,0.8433585659561389,3.2903272328447884E-17,13.934768156550756,9.591521540783284E-18,-3.290327232844789E-17,1.0,7.520801719886421E-16,0.0,0.0,0.0,1.0],[0.8401858368118624,0.5422985889901897,9.78579517033828E-18,2.505805587953355,-0.542298