[{"oMatricies":[[1.0,-6.991429324484419E-76,6.2230152778611417E-61,0.0,1.1077551348523226E-73,1.0,-5.6051938572992683E-45,0.0,-6.2230152778611417E-61,-2.1895288505075267E-47,1.0,0.0,0.0,0.0,0.0,1.0],[0.99984769515639127,-3.4332450186061449E-33,-0.01745240643728177,0.59811293537845867,3.4505146265558474E-33,1.0,9.59413701208278E-34,0.0,0.01745240643728177,-1.0194873615399725E-33,0.99984769515639127,-0.071253889939370652,0.0,0.0,0.0,1.0],[0.99939082701909576,-6.8481746295758867E-33,-0.034899496702500053,1.1973783271073795,6.9172478011481E-33,1.0,1.8584615034571033E-33,0.0,0.034899496702500053,-2.098737845753051E-33,0.99939082701909576,-0.13205841752258607,0.0,0.0,0.0,1.0],[0.99862953475457383,-1.0243748612127324E-32,-0.052335956242944612,1.7976136331431711,1.0399143523566211E-32,1.0,2.6968695480616817E-33,0.0,0.052335956242944612,-3.2374227024869377E-33,0.99862953475457383,-0.18239506110144532,0.0,0.0,0.0,1.0],[0.9975640502598242,-1.361893264139037E-32,-0.06975647374412601,2.3986360159969156,1.3895141174908684E-32,1.0,3.4743824477883446E-33,0.0,0.06975647374412601,-4.4351950773032141E-33,0.9975640502598242,-0.22224848764678029,0.0,0.0,0.0,1.0],[0.99619469809174555,-1.697269860347288E-32,-0.087155742747658027,3.000262398428597,1.7404175840722502E-32,1.0,4.1907633646602451E-33,0.0,0.087155742747658027,-5.6916901171336472E-33,0.99619469809174555,-0.25160655741876781,0.0,0.0,0.0,1.0],[0.99452189536827329,-2.0304024908633781E-32,-0.10452846326765391,3.6023095192141117,2.0925178635336454E-32,1.0,4.8457940820793871E-33,0.0,0.10452846326765391,-7.00652508141706E-33,0.99452189536827329,-0.27046032766486405,0.0,0.0,0.0,1.0],[0.99254615164132176,-2.3611896802467985E-32,-0.12186934340514786,4.2045939889682371,2.4457077027450036E-32,1.0,5.439275071315435E-33,0.0,0.12186934340514786,-8.37929945868647E-33,0.99254615164132176,-0.27880405534408226,0.0,0.0,0.0,1.0],[0.99026806874157036,-2.6895306675011825E-32,-0.1391731009600651,4.8069323460070237,2.7998795166888225E-32,1.0,5.9710255522716204E-33,0.0,0.1391731009600651,-9.809595088567899E-33,0.99026806874157036,-0.27663519887623522,0.0,0.0,0.0,1.0],[0.98768834059513755,-3.0153254367670459E-32,-0.15643446504023051,5.4091411122319961,3.1549254212297926E-32,1.0,6.4408835485613766E-33,0.0,0.15643446504023051,-1.1296976289157187E-32,0.98768834059513755,-0.26395441891587268,0.0,0.0,0.0,1.0],[0.9848077530122078,-3.338474747787555E-32,-0.17364817766693058,6.0110368490192023,3.5107372659707621E-32,1.0,6.8487059368452553E-33,0.0,0.17364817766693058,-1.2840989989731882E-32,0.9848077530122078,-0.24076557815142507,0.0,0.0,0.0,1.0],[0.98162718344766375,-3.658880166138054E-32,-0.19080899537654467,6.61243621309651,3.8672066672056719E-32,1.0,7.1943684904225191E-33,0.0,0.19080899537654467,-1.4441165868761476E-32,0.98162718344766375,-0.207075740128559,0.0,0.0,0.0,1.0],[0.97814760073380547,-3.9764440932102252E-32,-0.207911690817759,7.2131560123917264,4.2242250409291022E-32,1.0,7.47776591707741E-33,0.0,0.207911690817759,-1.6097016497172212E-32,0.97814760073380547,-0.16289516709817065,0.0,0.0,0.0,1.0],[0.974370064785235,-4.2910697959415109E-32,-0.22495105434386489,7.81301326183473,4.5816836359136429E-32,1.0,7.69881189114086E-33,0.0,0.22495105434386489,-1.7808037486821976E-32,0.974370064785235,-0.10823731689080773,0.0,0.0,0.0,1.0],[0.970295726275996,-4.602661436280934E-32,-0.24192189559966762,8.4118252390963448,4.9394735668354683E-32,1.0,7.8574390798124782E-33,0.0,0.24192189559966762,-1.9573707644142225E-32,0.970295726275996,-0.043118838817136407,0.0,0.0,0.0,1.0],[0.96592582628906765,-4.9111241003823272E-32,-0.25881904510252041,9.0094095402474856,5.2974858474436318E-32,1.0,7.953599163636327E-33,0.0,0.25881904510252041,-2.1393489128898863E-32,0.96592582628906765,0.032440431403614411,0.0,0.0,0.0,1.0],[0.96126169593831823,-5.2163638275160065E-32,-0.27563735581699889,9.6055841353211271,5.6556114237557059E-32,1.0,7.9872628512537912E-33,0.0,0.27563735581699889,-2.3266827618022842E-32,0.96126169593831823,0.11841747768571054,0.0,0.0,0.0,1.0],[0.95630475596303477,-5.518287638690106E-32,-0.29237170472273666,10.200167423760288,6.0137412072797662E-32,1.0,7.9584198882934153E-33,0.0,0.29237170472273666,-2.5193152474462708E-32,0.95630475596303477,0.21478611058802244,0.0,0.0,0.0,1.0],[0.95105651629515287,-5.8168035649728791E-32,-0.30901699437494734,10.792978289735487,6.3717661082408594E-32,1.0,7.8670790605210226E-33,0.0,0.30901699437494734,-2.7171876921006738E-32,0.95105651629515287,0.32151697529145906,0.0,0.0,0.0,1.0],[0.94551857559931607,-6.1118206755073306E-32,-0.32556815445715637,11.383836157314242,6.7295770688119554E-32,1.0,7.7132681911548273E-33,0.0,0.32556815445715637,-2.9202398219020204E-32,0.94551857559931607,0.43857756054069341,0.0,0.0,0.0,1.0],[0.93969262078590743,-6.4032491052096521E-32,-0.34202014332566821,11.972561045466325,7.0870650963353713E-32,1.0,7.4970341323791713E-33,0.0,0.34202014332566821,-3.1284097852045472E-32,0.93969262078590743,0.5659322085474372,0.0,0.0,0.0,1.0],[0.93358042649720074,-6.6910000821429822E-32,-0.35836794954529982,12.558973622887677,7.4441212965206526E-32,1.0,7.2184427510793053E-33,0.0,0.35836794954529982,-3.3416341714208455E-32,0.93358042649720074,0.70354212585222342,0.0,0.0,0.0,1.0],[0.92718385456678654,-6.974985954558184E-32,-0.37460659341591168,13.142895262626535,7.8006369066177921E-32,1.0,6.8775789087972161E-33,0.0,0.37460659341591168,-3.559848030337347E-32,0.92718385456678654,0.85136539514111575,0.0,0.0,0.0,1.0],[0.92050485345243949,-7.2551202175934353E-32,-0.39073112848927333,13.724148096494897,8.1565033285439258E-32,1.0,6.4745464358412359E-33,0.0,0.39073112848927333,-3.7829848918987134E-32,0.92050485345243949,1.0093569880143605,0.0,0.0,0.0,1.0],[0.9135454576426,-7.5313175396244636E-32,-0.40673664307579993,14.302555069248765,8.5116121619646265E-32,1.0,6.00946809971759E-33,0.0,0.40673664307579993,-4.0109767864553469E-32,0.9135454576426,1.1774687787022913,0.0,0.0,0.0,1.0],[0.90630778703664894,-7.8034937882573406E-32,-0.422618261740699,14.877939992521142,8.8658552373152213E-32,1.0,5.4824855676596779E-33,0.0,0.422618261740699,-4.2437542654675684E-32,0.90630778703664894,1.3556495587248634,0.0,0.0,0.0,1.0],[0.898794046299166,-8.0715660559560643E-32,-0.43837114678907685,15.450127598490475,9.2191246487498036E-32,1.0,4.8937593635409447E-33,0.0,0.43837114678907685,-4.4812464226602826E-32,0.898794046299166,1.5438450524904255,0.0,0.0,0.0,1.0],[0.8910065241883669,-8.335452685296989E-32,-0.45399049973954619,16.018943593269103,9.5713127870061654E-32,1.0,4.2434688189359365E-33,0.0,0.45399049973954619,-4.7233809156217868E-32,0.8910065241883669,1.7419979338285003,0.0,0.0,0.0,1.0],[0.882947592858926,-8.5950732938424522E-32,-0.46947156278589014,16.5842147099948,9.9223123721922582E-32,1.0,3.5318120185145007E-33,0.0,0.46947156278589014,-4.9700839878399139E-32,0.882947592858926,1.9500478434519124,0.0,0.0,0.0,1.0],[0.87461970713939452,-8.850348798626062E-32,-0.4848096202463365,17.145768761609453,1.0272016486459428E-31,1.0,2.7590057397018741E-33,0.0,0.4848096202463365,-5.2212804911690027E-32,0.87461970713939452,2.1679314073427207,0.0,0.0,0.0,1.0],[0.86602540378443749,-9.1012014402421048E-32,-0.49999999999999917,17.703434693309074,1.0620318606569715E-31,1.0,1.9252853866438943E-33,0.0,0.49999999999999917,-5.47689390872073E-32,0.86602540378443749,2.395582256056656,0.0,0.0,0.0,1.0],[0.857167300702111,-9.3475548065318627E-32,-0.51503807491005316,18.257042634648645,1.0967112636348238E-31,1.0,1.030904918488544E-33,0.0,0.51503807491005316,-5.7368463781719421E-32,0.857167300702111,2.6329310449399657,0.0,0.0,0.0,1.0],[0.84804809615642429,-9.5893338558594585E-32,-0.5299192642332039,18.806423951286316,1.1312292938998268E-31,1.0,7.6136772051091531E-35,0.0,0.5299192642332039,-6.0010587154822293E-32,0.84804809615642429,2.8799054752522437,0.0,0.0,0.0,1.0],[0.838670567945422,-9.8264649399702756E-32,-0.54463903501502586,19.351411296351007,1.1655754369280077E-31,1.0,-9.3872822119322477E-34,0.0,0.54463903501502586,-6.2694504390141366E-32,0.838670567945422,3.136430316189589,0.0,0.0,0.0,1.0],[0.8290375725550394,-1.0058875826424926E-31,-0.55919290347074535,19.89183866141806,1.1997392305537337E-31,1.0,-2.0133809236936807E-33,0.0,0.55919290347074535,-6.5419397940487525E-32,0.8290375725550394,3.4024274278003617,0.0,0.0,0.0,1.0],[0.81915204428898913,-1.0286495720601967E-31,-0.57357643635104427,20.427541427076818,1.2337102681567693E-31,1.0,-3.1474939859801122E-33,0.0,0.57357643635104427,-6.8184437776888425E-32,0.81915204428898913,3.6778157847876258,0.0,0.0,0.0,1.0],[0.80901699437494456,-1.0509255287262609E-31,-0.587785252292471,20.958356413075403,1.2674782018325178E-31,1.0,-4.3407219463905249E-33,0.0,0.587785252292471,-7.0988781641424209E-32,0.80901699437494456,3.9625115011901357,0.0,0.0,0.0,1.0],[0.79863551004728994,-1.0727086671670915E-31,-0.601815023152046,21.484121928026937,1.3010327455432614E-31,1.0,-5.5927013362973981E-33,0.0,0.601815023152046,-7.3831575303787583E-32,0.79863551004728994,4.2564278559346889,0.0,0.0,0.0,1.0],[0.78801075360671891,-1.0939923520262993E-31,-0.615661475325656,22.004677818662369,1.3343636782522489E-31,1.0,-6.9030507908158685E-33,0.0,0.615661475325656,-7.6711952821490467E-32,0.78801075360671891,4.5594753192524848,0.0,0.0,0.0,1.0],[0.77714596145696757,-1.114770100085895E-31,-0.62932039104983473,22.519865518614722,1.3674608470368208E-31,1.0,-8.2713711649937941E-33,0.0,0.62932039104983473,-7.9629036803637835E-32,0.77714596145696757,4.8715615799504377,0.0,0.0,0.0,1.0],[0.76604444311897468,-1.1350355822411415E-31,-0.64278760968653648,23.029528096719751,1.4003141701806825E-31,1.0,-9.6972456553491723E-33,0.0,0.64278760968653648,-8.2581938678190355E-32,0.76604444311897468,5.1925915735303079,0.0,0.0,0.0,1.0],[0.75470958022276868,-1.1547826254284565E-31,-0.6560590289905045,23.533510304819043,1.4329136402456627E-31,1.0,-1.1180239926895043E-32,0.0,0.6560590289905045,-8.55697589626317E-32,0.75470958022276868,5.522467511146175,0.0,0.0,0.0,1.0],[0.743144825477391,-1.1740052145057907E-31,-0.66913060635885524,24.031658625049804,1.4652493271194253E-31,1.0,-1.2719902245388433E-32,0.0,0.66913060635885524,-8.8591587537959467E-32,0.743144825477391,5.86108890939191,0.0,0.0,0.0,1.0],[0.73135370161916724,-1.192697494084898E-31,-0.6819983600624957,24.523821316608032,1.4973113810404804E-31,1.0,-1.4315763614960286E-32,0.0,0.6819983600624957,-9.16465039259166E-32,0.73135370161916724,6.2083526209091673,0.0,0.0,0.0,1.0],[0.71933980033864819,-1.210853770314941E-31,-0.69465837045899426,25.009848461970144,1.5290900355988131E-31,1.0,-1.5967337920963827E-32,0.0,0.69465837045899426,-9.4733577569377619E-32,0.71933980033864819,6.5641528658075572,0.0,0.0,0.0,1.0],[0.70710678118654469,-1.2284685126168978E-31,-0.70710678118654458,25.489592012559438,1.5605756107103351E-31,1.0,-1.7674122078074994E-32,0.0,0.70710678118654458,-9.7851868115805675E-32,0.70710678118654469,6.928381263885683,0.0,0.0,0.0,1.0],[0.69465837045899448,-1.245536355368225E-31,-0.71933980033864819,25.962905833843067,1.5917585155658898E-31,1.0,-1.9435596183499205E-32,0.0,0.71933980033864819,-1.010004257036927E-31,0.69465837045899448,7.30092686764516,0.0,0.0,0.0,1.0],[0.6819983600624957,-1.2620520995372815E-31,-0.73135370161916746,26.429645749845886,1.6226292515523429E-31,1.0,-2.1251223675357317E-32,0.0,0.73135370161916746,-1.0417829125189662E-31,0.6819983600624957,7.68167619608613,0.0,0.0,0.0,1.0],[0.66913060635885557,-1.2780107142670022E-31,-0.74314482547739125,26.889669587068141,1.6531784151466558E-31,1.0,-2.3120451496138688E-32,0.0,0.74314482547739125,-1.0738449675178681E-31,0.66913060635885557,8.0705132692747839,0.0,0.0,0.0,1.0],[0.65605902899050439,-1.2934073384073467E-31,-0.75470958022276879,27.342837217792621,1.6833967007792993E-31,1.0,-2.5042710261142851E-32,0.0,0.75470958022276879,-1.1061806556210893E-31,0.65605902899050439,8.4673196436718712,0.0,0.0,0.0,1.0],[0.6427876096865367,-1.3082372819960525E-31,-0.76604444311897468,27.789010602769103,1.7132749036695283E-31,1.0,-2.7017414431949062E-32,0.0,0.76604444311897468,-1.1387801270647873E-31,0.6427876096865367,8.8719744482117591,0.0,0.0,0.0,1.0],[0.62932039104983462,-1.3224960276872436E-31,-0.77714596145696746,28.228053833262326,1.7428039226292687E-31,1.0,-2.9043962494745536E-32,0.0,0.77714596145696746,-1.1716334517341663E-31,0.62932039104983462,9.2843544211210371,0.0,0.0,0.0,1.0],[0.61566147532565552,-1.336179232127456E-31,-0.78801075360671846,28.6598331724512,1.771974762834997E-31,1.0,-3.1121737143585657E-32,0.0,0.78801075360671846,-1.2047306221882721E-31,0.61566147532565552,9.7043339474651589,0.0,0.0,0.0,1.0],[0.60181502315204571,-1.3492827272786673E-31,-0.79863551004728928,29.084217096166256,1.80077853856784E-31,1.0,-3.3250105468391789E-32,0.0,0.79863551004728928,-1.2380615567083639E-31,0.60181502315204571,10.131785097411935,0.0,0.0,0.0,1.0],[0.58778525229247036,-1.3618025216879195E-31,-0.80901699437494379,29.5010763329532,1.8292064759203223E-31,1.0,-3.5428419147790752E-32,0.0,0.80901699437494379,-1.271616102368908E-31,0.58778525229247036,10.566577665200299,0.0,0.0,0.0,1.0],[0.57357643635104327,-1.3737348017031547E-31,-0.81915204428898769,29.910283903450306,1.8572499154690916E-31,1.0,-3.7656014646556783E-32,0.0,0.81915204428898769,-1.3053840381302393E-31,0.57357643635104327,11.008579208802175,0.0,0.0,0.0,1.0],[0.55919290347074391,-1.3850759326348941E-31,-0.82903757255503718,30.311715159067575,1.8849003149123299E-31,1.0,-3.9932213417757245E-32,0.0,0.82903757255503718,-1.3393550779520119E-31,0.55919290347074391,11.45765509026559,0.0,0.0,0.0,1.0],[0.54463903501502386,-1.3958224598633937E-31,-0.83867056794541928,30.705247819955744,1.9121492516721333E-31,1.0,-4.2256322109421727E-32,0.0,0.83867056794541928,-1.3735188739264109E-31,0.54463903501502386,11.913668516726787,0.0,0.0,0.0,1.0],[0.52991926423320179,-1.4059711098909592E-31,-0.84804809615642107,31.090762012254075,1.9389884254597848E-31,1.0,-4.4627632775768175E-32,0.0,0.84804809615642107,-1.4078650194302283E-31,0.52991926423320179,12.3764805820785,0.0,0.0,0.0,1.0],[0.51503807491005094,-1.4155187913390819E-31,-0.85716730070210689,31.46814030460504,1.9654096608044819E-31,1.0,-4.7045423092829089E-32,0.0,0.85716730070210689,-1.4423830522948271E-31,0.51503807491005094,12.845950309282358,0.0,0.0,0.0,1.0],[0.49999999999999672,-1.424462595890106E-31,-0.86602540378443249,31.83726774392504,1.9914049095434432E-31,1.0,-4.950895657849462E-32,0.0,0.86602540378443249,-1.477062457993011E-31,0.49999999999999672,13.321934693311576,0.0,0.0,0.0,1.0],[0.48480962024633389,-1.4327997991731305E-31,-0.87461970713938986,32.198031890420296,2.0169662532733966E-31,1.0,-5.201748281684364E-32,0.0,0.87461970713938986,-1.51189267284186E-31,0.48480962024633389,13.804288744711798,0.0,0.0,0.0,1.0],[0.46947156278588759,-1.4405278615938717E-31,-0.88294759285892066,32.550322851836896,2.0420859057628865E-31,1.0,-5.4570237686723547E-32,0.0,0.88294759285892066,-1.5468630872205212E-31,0.46947156278588759,14.292865533766218,0.0,0.0,0.0,1.0],[0.45399049973954353,-1.4476444291082587E-31,-0.89100652418836157,32.894033316935328,2.0667562153236069E-31,1.0,-5.7166443594517149E-32,0.0,0.89100652418836157,-1.5819630488020105E-31,0.45399049973954353,14.787516235252042,0.0,0.0,0.0,1.0],[0.43837114678907435,-1.4541473339394908E-31,-0.89879404629916071,33.229058588178276,2.0909696671416578E-31,1.0,-5.9805309711006946E-32,0.0,0.89879404629916071,-1.6171818657980067E-31,0.43837114678907435,15.288090173773739,0.0,0.0,0.0,1.0],[0.42261826174069628,-1.460034595238364E-31,-0.90630778703664328,33.555296613622716,2.1147188855661455E-31,1.0,-6.2486032212275154E-32,0.0,0.90630778703664328,-1.6525088102156838E-31,0.42261826174069628,15.794434869660606,0.0,0.0,0.0,1.0],[0.40673664307579721,-1.4653044196866615E-31,-0.91354545764259387,33.872648018005734,2.1379966363563054E-31,1.0,-6.520779452451615E-32,0.0,0.91354545764259387,-1.687933121125549E-31,0.40673664307579721,16.306396085413027,0.0,0.0,0.0,1.0],[0.39073112848927072,-1.4699552020434107E-31,-0.92050485345243316,34.181016133015291,2.160795828884791E-31,1.0,-6.7969767572823E-32,0.0,0.92050485345243316,-1.7234440079393391E-31,0.39073112848927072,16.823817872685339,0.0,0.0,0.0,1.0],[0.37460659341590907,-1.4739855256338582E-31,-0.92718385456678021,34.480307026736313,2.1831095182979159E-31,1.0,-7.0771110033707054E-32,0.0,0.92718385456678021,-1.7590306536969269E-31,0.37460659341590907,17.346542619788636,0.0,0.0,0.0,1.0],[0.35836794954529755,-1.4773941627810005E-31,-0.93358042649719453,34.770429532263336,2.2049309076307178E-31,1.0,-7.3610968591384213E-32,0.0,0.93358042649719453,-1.7946822183612792E-31,0.35836794954529755,17.874411099701334,0.0,0.0,0.0,1.0],[0.34202014332566616,-1.4801800751795473E-31,-0.939692620785901,35.051295275470665,2.2262533498775729E-31,1.0,-7.6488478197676569E-32,0.0,0.939692620785901,-1.8303878421204367E-31,0.34202014332566616,18.407262518570789,0.0,0.0,0.0,1.0],[0.32556815445715415,-1.4823424142122009E-31,-0.94551857559930941,35.322818701932093,2.2470703500169041E-31,1.0,-7.94027623355574E-32,0.0,0.94551857559930941,-1.8661366486955124E-31,0.32556815445715415,18.944934564692986,0.0,0.0,0.0,1.0],[0.309016994374945,-1.4838805212081499E-31,-0.95105651629514576,35.584917102981613,2.2673755669898703E-31,1.0,-8.2352933286104156E-32,0.0,0.95105651629514576,-1.9019177486537172E-31,0.309016994374945,19.487263457954157,0.0,0.0,0.0,1.0],[0.29237170472273438,-1.4847939276437095E-31,-0.95630475596302766,35.837510640907283,2.2871628156314124E-31,1.0,-8.5338092398920993E-32,0.0,0.95630475596302766,-1.9377202427253853E-31,0.29237170472273438,20.034083999719741,0.0,0.0,0.0,1.0],[0.27563735581699694,-1.4850823552850383E-31,-0.961261695938311,36.080522373270504,2.3064260685546624E-31,1.0,-8.8357330365902087E-32,0.0,0.961261695938311,-1.973533225123996E-31,0.27563735581699694,20.585229623155513,0.0,0.0,0.0,1.0],[0.25881904510251857,-1.4847457162728882E-31,-0.96592582628906032,36.313878276343544,2.3251594579870378E-31,1.0,-9.1409727498184246E-32,0.0,0.96592582628906032,-2.0093457868681813E-31,0.25881904510251857,21.140532443965526,0.0,0.0,0.0,1.0],[0.24192189559966568,-1.4837841131493706E-31,-0.97029572627598848,36.537507267657688,2.3433572775572888E-31,1.0,-9.4494354006305709E-32,0.0,0.97029572627598848,-2.0451470191047107E-31,0.24192189559966568,21.699823311531262,0.0,0.0,0.0,1.0],[0.22495105434386309,-1.4821978388267186E-31,-0.97437006478522725,36.751341227655871,2.3610139840340053E-31,1.0,-9.7610270283408568E-32,0.0,0.97437006478522725,-2.0809260164314306E-31,0.22495105434386309,22.262931860436424,0.0,0.0,0.0,1.0],[0.2079116908177577,-1.479987376498065E-31,-0.97814760073379736,36.955315020442384,2.3781241990139016E-31,1.0,-1.0075652719149041E-31,0.0,0.97814760073379736,-2.116671880219156E-31,0.2079116908177577,22.8296865623621,0.0,0.0,0.0,1.0],[0.19080899537654336,-1.4771533994902557E-31,-0.98162718344765576,37.149366513624074,2.3946827105603265E-31,1.0,-1.0393216635049781E-31,0.0,0.98162718344765576,-2.1523737219314986E-31,0.19080899537654336,23.3999147783358,0.0,0.0,0.0,1.0],[0.17364817766692894,-1.4736967710587471E-31,-0.98480775301219958,37.333436597236258,2.4106844747908785E-31,1.0,-1.0713622043023358E-31,0.0,0.98480775301219958,-2.1880206664416243E-31,0.17364817766692894,23.973442811319018,0.0,0.0,0.0,1.0],[0.15643446504022962,-1.4696185441246543E-31,-0.98768834059512944,37.50746920174835,2.4261246174135087E-31,1.0,-1.1036771344507231E-31,0.0,0.98768834059512944,-2.2236018553449118E-31,0.15643446504022962,24.550095959117044,0.0,0.0,0.0,1.0],[0.1391731009600643,-1.4649199609540142E-31,-0.99026806874156192,37.671411315143118,2.4409984352116178E-31,1.0,-1.1362566105120935E-31,0.0,0.99026806874156192,-2.2591064502665414E-31,0.1391731009600643,25.129698567594815,0.0,0.0,0.0,1.0],[0.12186934340514639,-1.4596024527793854E-31,-0.9925461516413131,37.825212999064632,2.4553013974766306E-31,1.0,-1.1690907084653312E-31,0.0,0.9925461516413131,-2.2945236361629567E-31,0.12186934340514639,25.712074084183087,0.0,0.0,0.0,1.0],[0.10452846326765249,-1.4536676393638781E-31,-0.99452189536826408,37.968827404030151,2.4690291473879955E-31,1.0,-1.2021694267287956E-31,0.0,0.99452189536826408,-2.3298426246162417E-31,0.10452846326765249,26.297045111657937,0.0,0.0,0.0,1.0],[0.087155742747657319,-1.4471173285077605E-31,-0.99619469809173622,38.102210783700642,2.4821775033404379E-31,1.0,-1.2354826892071925E-31,0.0,0.99619469809173622,-2.3650526571203707E-31,0.087155742747657319,26.884433462177711,0.0,0.0,0.0,1.0],[0.069756473744124581,-1.4399535154977813E-31,-0.99756405025981487,38.225322508206574,2.4947424602176284E-31,1.0,-1.2690203483609224E-31,0.0,0.99756405025981487,-2.4001430083583543E-31,0.069756473744124581,27.4740602115605,0.0,0.0,0.0,1.0],[0.052335956242943515,-1.4321783824993911E-31,-0.99862953475456506,38.338125076524008,2.5067201906120414E-31,1.0,-1.3027721882967285E-31,0.0,0.99862953475456506,-2.4351029894692768E-31,0.052335956242943515,28.065745753786757,0.0,0.0,0.0,1.0],[0.034899496702500782,-1.4237942978920278E-31,-0.9993908270190871,38.440584127897978,2.5181070459911716E-31,1.0,-1.336727927880148E-31,0.0,0.9993908270190871,-2.4699219513042313E-31,0.034899496702500782,28.659309855708457,0.0,0.0,0.0,1.0]],"oOriginMatrix":[0.99999999999947,5.6694217550801048E-32,-3.5450758318525228E-45,2.333244708552229E-12,-2.9793197156521189E-29,1.0,-3.1247713374646744E-29,117.84253800000002,3.5450758318525228E-45,-1.9721522630525105E-31,0.99999999999947,69.430900000017772,0.0,0.0,0.0,1.0],"NodeNames":["PanelAssemblyRight1"]},{"oMatricies":[[1.0,-1.0029149204871339E-31,2.4651903288156619E-32,0.0,8.7524570678804154E-32,1.0,-9.8607613152626476E-32,0.0,0.0,0.0,1.0,0.0,0.0,0.0,0.0,1.0],[0.99984769515639127,-1.0383548734711348E-17,-0.017452406437281603,1.1456882956907175,1.0637187250915895E-17,1.0,1.4440325004433235E-17,9.9475983006414026E-14,0.017452406437281603,-1.4623770188244439E-17,0.99984769515639127,-0.35149083192196429,0.0,0.0,0.0,1.0],[0.99939082701909587,-2.0510296023686784E-17,-0.034899496702499887,2.2923622509727504,2.1524772827756037E-17,1.0,2.8692806162175491E-17,9.9475983006414026E-14,0.034899496702499887,-2.9426531018239865E-17,0.99939082701909587,-0.64117907212651915,0.0,0.0,0.0,1.0],[0.99862953475457383,-3.0377157161602245E-17,-0.052335956242944438,3.439672577851133,3.2659440266483426E-17,1.0,4.2753102029396436E-17,9.9475983006414026E-14,0.052335956242944431,-4.4403773425637162E-17,0.99862953475457383,-0.86897647876925532,0.0,0.0,0.0,1.0],[0.99756405025982431,-3.9981126606969105E-17,-0.069756473744125816,4.58726979448587,4.403779783952829E-17,1.0,5.661692970376871E-17,9.9475983006414026E-14,0.0697564737441258,-5.9550935197309772E-17,0.9975640502598242,-1.0348136625535176,0.0,0.0,0.0,1.0],[0.99619469809174566,-4.9319278897663052E-17,-0.087155742747657874,5.7348043316478163,5.5656379588954189E-17,1.0,7.028006612908115E-17,9.9475983006414026E-14,0.087155742747657847,-7.4863402361049129E-17,0.99619469809174566,-1.1386401078664932,0.0,0.0,0.0,1.0],[0.99452189536827329,-5.8388769542032777E-17,-0.10452846326765383,6.8819266392006933,6.7511646382206122E-17,1.0,8.3738349381621656E-17,8.5265128291212022E-14,0.1045284632676538,-9.0336510591022915E-17,0.99452189536827329,-1.1804241881672937,0.0,0.0,0.0,1.0],[0.992546151641322,-6.7186835885371039E-17,-0.12186934340514778,8.0282872925770423,7.9599986990174485E-17,1.0,9.6987679937937993E-17,2.8421709430404007E-14,0.12186934340514777,-1.0596554662857202E-16,0.992546151641322,-1.1601531756201808,0.0,0.0,0.0,1.0],[0.99026806874157047,-7.5710797951439439E-17,-0.13917310096006491,9.1735370992168,9.1917719187205932E-17,1.0,1.1002402192359297E-16,1.1368683772161603E-13,0.13917310096006491,-1.2174574971791718E-16,0.99026806874157047,-1.0778332449719699,0.0,0.0,0.0,1.0],[0.98768834059513777,-8.3958059258821427E-17,-0.15643446504023048,10.317327204934694,1.0446109087275248E-16,1.0,1.2284340434253179E-16,5.6843418860808015E-14,0.15643446504023048,-1.3767231305633193E-16,0.98768834059513766,-0.93348947167098117,0.0,0.0,0.0,1.0],[0.984807753012208,-9.192610761182909E-17,-0.17364817766693058,11.459309200184343,1.1722628121428702E-16,1.0,1.354419222866882E-16,8.5265128291212022E-14,0.17364817766693058,-1.5374038525834124E-16,0.98480775301220791,-0.72716582422896181,0.0,0.0,0.0,1.0],[0.981627183447664,-9.9612515865744764E-17,-0.19080899537654453,12.599135226187284,1.3020940181117024E-16,1.0,1.4781573812544746E-16,2.8421709430404007E-14,0.19080899537654453,-1.6994507183349263E-16,0.98162718344766386,-0.45892515082755381,0.0,0.0,0.0,1.0],[0.97814760073380569,-1.0701494266615482E-16,-0.20791169081775884,13.736458080894318,1.4340649787910019E-16,1.0,1.5996108267464034E-16,1.1368683772161603E-13,0.20791169081775882,-1.8628143667728047E-16,0.97814760073380558,-0.12884916017429759,0.0,0.0,0.0,1.0],[0.97437006478523513,-1.1413113316214752E-16,-0.22495105434386489,14.870931324746413,1.5681354945477036E-16,1.0,1.7187425634466113E-16,2.8421709430404007E-14,0.22495105434386489,-2.0274450357471786E-16,0.97437006478523513,0.26296160338645791,0.0,0.0,0.0,1.0],[0.97029572627599669,-1.2095891969316153E-16,-0.24192189559966776,16.002209386203596,1.7042647262039493E-16,1.0,1.8355163026740777E-16,8.5265128291212022E-14,0.24192189559966773,-2.1932925771614985E-16,0.97029572627599658,0.71638779050066148,0.0,0.0,0.0,1.0],[0.96592582628906831,-1.2749622244927631E-16,-0.25881904510252063,17.129947667009379,1.8424112074770505E-16,1.0,1.9498964740165834E-16,2.8421709430404007E-14,0.25881904510252063,-2.3603064722480182E-16,0.96592582628906831,1.2312912831590808,0.0,0.0,0.0,1.0],[0.96126169593831878,-1.3374105010474528E-16,-0.27563735581699889,18.253802647158778,1.9825328576105584E-16,1.0,2.0618482361659026E-16,5.6843418860808015E-14,0.27563735581699883,-2.5284358469563747E-16,0.96126169593831889,1.8075152367701008,0.0,0.0,0.0,1.0],[0.95630475596303544,-1.3969150042456852E-16,-0.29237170472273677,19.373431989537895,2.1245869941924577E-16,1.0,2.1713374875308164E-16,8.5265128291212022E-14,0.29237170472273677,-2.6976294874503632E-16,0.95630475596303566,2.4448841279352251,0.0,0.0,0.0,1.0],[0.95105651629515364,-1.4534576084393662E-16,-0.3090169943749474,20.488494644202884,2.2685303461566408E-16,1.0,2.2783308766246949E-16,8.5265128291212022E-14,0.3090169943749474,-2.8678358557080589E-16,0.95105651629515375,3.1432038079160378,0.0,0.0,0.0,1.0],[0.94551857559931685,-1.5070210902035119E-16,-0.32556815445715642,21.598650952267278,2.4143190669636828E-16,1.0,2.3827958122247593E-16,5.6843418860808015E-14,0.32556815445715642,-3.0390031052208719E-16,0.945518575599317,3.9022615617731162,0.0,0.0,0.0,1.0],[0.93969262078590843,-1.5575891335826927E-16,-0.34202014332566855,22.703562749365329,2.5619087479569328E-16,1.0,2.4847004732996425E-16,8.5265128291212022E-14,0.34202014332566849,-3.2110790967864527E-16,0.93969262078590865,4.721826173161574,0.0,0.0,0.0,1.0],[0.93358042649720174,-1.6051463350610363E-16,-0.3583679495453,23.802893468660113,2.7112544318898447E-16,1.0,2.5840138187024205E-16,8.5265128291212022E-14,0.35836794954529994,-3.3840114143908555E-16,0.93358042649720208,5.6016479947616062,0.0,0.0,0.0,1.0],[0.92718385456678776,-1.6496782082542756E-16,-0.3746065934159119,24.896308243365077,2.8623106266203324E-16,1.0,2.6807055966260117E-16,8.5265128291212022E-14,0.37460659341591185,-3.5577473811748836E-16,0.927183854566788,6.5414590243230322,0.0,0.0,0.0,1.0],[0.92050485345244082,-1.6911711883224358E-16,-0.39073112848927383,25.983474008747692,3.0150313189681693E-16,1.0,2.7747463538181825E-16,5.6843418860808015E-14,0.39073112848927383,-3.732234075480049E-16,0.92050485345244093,7.5409729863022648,0.0,0.0,0.0,1.0],[0.91354545764260153,-1.7296126361018542E-16,-0.40673664307580054,27.064059603584251,3.1693699887310286E-16,1.0,2.8661074445532823E-16,8.5265128291212022E-14,0.40673664307580049,-3.9074183469689487E-16,0.91354545764260187,8.5998854190639662,0.0,0.0,0.0,1.0],[0.90630778703665071,-1.7649908419551317E-16,-0.42261826174069972,28.137735871034614,3.3252796228549928E-16,1.0,2.9547610393580665E-16,2.8421709430404007E-14,0.42261826174069972,-4.0832468328154752E-16,0.906307787036651,9.7178737676232032,0.0,0.0,0.0,1.0],[0.898794046299168,-1.7972950293380517E-16,-0.43837114678907751,29.20417575890685,3.4827127297551742E-16,1.0,3.0406801334887467E-16,8.5265128291212022E-14,0.43837114678907746,-4.25966597395954E-16,0.89879404629916826,10.894597481898757,0.0,0.0,0.0,1.0],[0.891006524188369,-1.8265153580822018E-16,-0.45399049973954708,30.263054419280319,3.64162135378212E-16,1.0,3.1238385551569164E-16,8.5265128291212022E-14,0.453990499739547,-4.4366220314217261E-16,0.89100652418836912,12.129698120448182,0.0,0.0,0.0,1.0],[0.88294759285892821,-1.8526429273923794E-16,-0.46947156278589108,31.314049307457392,3.8019570898295583E-16,1.0,3.2042109735017558E-16,5.6843418860808015E-14,0.46947156278589108,-4.6140611026727135E-16,0.88294759285892832,13.422799459652154,0.0,0.0,0.0,1.0],[0.87461970713939685,-1.8756697785578752E-16,-0.48480962024633772,32.356840280213973,3.9636710980791192E-16,1.0,3.2817729063060953E-16,2.8421709430404007E-14,0.48480962024633767,-4.7919291380525613E-16,0.874619707139397,14.773507608316351,0.0,0.0,0.0,1.0],[0.86602540378443982,-1.8955888973767567E-16,-0.50000000000000044,33.391109693317908,4.1267141188772911E-16,1.0,3.3565007274537975E-16,2.8421709430404007E-14,0.50000000000000033,-4.9701719572345837E-16,0.86602540378443993,16.181411127653931,0.0,0.0,0.0,1.0],[0.85716730070211344,-1.9123942162924723E-16,-0.51503807491005449,34.416542498286987,4.2910364877405187E-16,1.0,3.428371674126644E-16,0.0,0.51503807491005438,-5.1487352657293952E-16,0.85716730070211355,17.646081156614287,0.0,0.0,0.0,1.0],[0.84804809615642673,-1.92608061624207E-16,-0.52991926423320557,35.432826338355007,4.4565881504834312E-16,1.0,3.4973638537380835E-16,2.8421709430404007E-14,0.52991926423320534,-5.3275646714234826E-16,0.84804809615642684,19.167071542518059,0.0,0.0,0.0,1.0],[0.83867056794542527,-1.9366439282155634E-16,-0.54463903501502764,36.439651643619435,4.6233186784658132E-16,1.0,3.5634562506018413E-16,2.8421709430404007E-14,0.54463903501502742,-5.5066057011474865E-16,0.83867056794542527,20.743918976959549,0.0,0.0,0.0,1.0],[0.82903757255504251,-1.9440809345257827E-16,-0.55919290347074768,37.436711725338931,4.7911772839536827E-16,1.0,3.6266287323335659E-16,2.8421709430404007E-14,0.55919290347074746,-5.6858038172693346E-16,0.82903757255504262,22.376143136934942,0.0,0.0,0.0,1.0],[0.81915204428899246,-1.9483893697885637E-16,-0.57357643635104671,38.42370286935386,4.960112835589736E-16,1.0,3.6868620559833776E-16,-2.8421709430404007E-14,0.5735764363510466,-5.8651044343069431E-16,0.81915204428899258,24.063246831153307,0.0,0.0,0.0,1.0],[0.80901699437494812,-1.949567921612792E-16,-0.58778525229247391,39.400324428600555,5.1300738739684145E-16,1.0,3.7441378738973875E-16,2.8421709430404007E-14,0.5877852522924738,-6.0444529355554189E-16,0.80901699437494823,25.804716151486176,0.0,0.0,0.0,1.0],[0.79863551004729383,-1.9476162310001726E-16,-0.601815023152049,40.366278914691343,5.3010086273109879E-16,1.0,3.7984387393066095E-16,0.0,0.60181502315204882,-6.2237946897239031E-16,0.79863551004729394,27.600020629508464,0.0,0.0,0.0,1.0],[0.788010753606723,-1.942534892454553E-16,-0.61566147532565918,41.321272088532325,5.4728650272357028E-16,1.0,3.8497481116414397E-16,2.8421709430404007E-14,0.61566147532565907,-6.4030750675767587E-16,0.78801075360672324,29.448613398084817,0.0,0.0,0.0,1.0],[0.77714596145697212,-1.9343254538008897E-16,-0.62932039104983817,42.265013049951492,5.6455907246183364E-16,1.0,3.8980503615700032E-16,0.0,0.629320391049838,-6.5822394585741593E-16,0.77714596145697235,31.349931357950084,0.0,0.0,0.0,1.0],[0.76604444311897946,-1.9229904157137268E-16,-0.64278760968654014,43.197214326309854,5.8191331055382356E-16,1.0,3.9433307757590654E-16,2.8421709430404007E-14,0.64278760968653992,-6.7612332875070092E-16,0.76604444311897968,33.303395349235089,0.0,0.0,0.0,1.0],[0.75470958022277335,-1.9085332309554584E-16,-0.65605902899050861,44.117591960068161,5.9934393073050194E-16,1.0,3.9855755613558071E-16,0.0,0.65605902899050839,-6.9400020311210528E-16,0.75470958022277357,35.308410327884729,0.0,0.0,0.0,1.0],[0.7431448254773958,-1.8909583033246135E-16,-0.66913060635885935,45.025865595283264,6.1684562345610874E-16,1.0,4.0247718501893266E-16,5.6843418860808015E-14,0.669130606358859,-7.118491234725219E-16,0.743144825477396,37.364365546913291,0.0,0.0,0.0,1.0],[0.73135370161917179,-1.8702709863144213E-16,-0.68199836006249992,45.921758563007216,6.3441305754549965E-16,1.0,4.0609077026903156E-16,2.8421709430404007E-14,0.6819983600624997,-7.2966465287790289E-16,0.7313537016191719,39.470634742444652,0.0,0.0,0.0,1.0],[0.71933980033865241,-1.846477581482013E-16,-0.6946583704589987,46.804997965563373,6.520408817880678E-16,1.0,4.0939721115280772E-16,5.6843418860808015E-14,0.69465837045899859,-7.4744136454540818E-16,0.71933980033865252,41.626576324477959,0.0,0.0,0.0,1.0],[0.70710678118654891,-1.8195853365290278E-16,-0.70710678118654879,47.67531475967354,6.6972372657778747E-16,1.0,4.123955004963344E-16,5.6843418860808015E-14,0.70710678118654868,-7.65173843516457E-16,0.70710678118654913,43.831533572322229,0.0,0.0,0.0,1.0],[0.69465837045899892,-1.7896024430937561E-16,-0.71933980033865241,48.532443838411375,6.8745620554883472E-16,1.0,4.150847249916342E-16,2.8421709430404007E-14,0.7193398003386523,-7.8285668830617489E-16,0.69465837045899892,46.084834834639864,0.0,0.0,0.0,1.0],[0.68199836006249992,-1.7565380342560019E-16,-0.7313537016191719,49.37612411195618,7.0523291721633991E-16,1.0,4.1746406547487518E-16,5.6843418860808015E-14,0.73135370161917179,-8.0048451254874462E-16,0.6819983600625,48.385793734038252,0.0,0.0,0.0,1.0],[0.6691306063588599,-1.7204021817550188E-16,-0.74314482547739558,50.206098587123812,7.230484466217205E-16,1.0,4.1953279717589425E-16,5.6843418860808015E-14,0.74314482547739547,-8.1805194663813356E-16,0.66913060635886012,50.733709376146521,0.0,0.0,0.0,1.0],[0.65605902899050861,-1.6812058929214983E-16,-0.75470958022277368,51.022114445648896,7.4089736698213821E-16,1.0,4.2129028993897967E-16,2.8421709430404007E-14,0.75470958022277357,-8.3555363936374313E-16,0.65605902899050872,53.12786656311561,0.0,0.0,0.0,1.0],[0.6427876096865407,-1.6389611073247478E-16,-0.76604444311897968,51.823923121196088,7.5877424134354236E-16,1.0,4.2273600841480696E-16,5.6843418860808015E-14,0.76604444311897968,-8.5298425954042189E-16,0.64278760968654081,55.567536011473308,0.0,0.0,0.0,1.0],[0.62932039104983883,-1.5936806931356866E-16,-0.77714596145697223,52.611280375075495,7.7667362423682706E-16,1.0,4.2386951222352428E-16,1.1368683772161603E-13,0.77714596145697223,-8.7033849763241162E-16,0.62932039104983906,58.051974574272286,0.0,0.0,0.0,1.0],[0.61566147532565962,-1.545378443207128E-16,-0.78801075360672312,53.383946370640253,7.9459006333656791E-16,1.0,4.2469045608889037E-16,8.5265128291212022E-14,0.78801075360672312,-8.87611067370675E-16,0.61566147532565973,60.580425467458888,0.0,0.0,0.0,1.0],[0.60181502315204938,-1.4940690708722997E-16,-0.79863551004729416,54.1416857463432,8.1251810112185338E-16,1.0,4.2519858994345193E-16,2.8421709430404007E-14,0.79863551004729416,-9.0479670736314647E-16,0.6018150231520496,63.152118500397513,0.0,0.0,0.0,1.0],[0.58778525229247425,-1.4397682054630679E-16,-0.80901699437494889,54.884267687430011,8.3045227653870278E-16,1.0,4.2539375900471432E-16,2.8421709430404007E-14,0.80901699437494889,-9.2189018269740381E-16,0.58778525229247436,65.766270310477722,0.0,0.0,0.0,1.0],[0.5735764363510476,-1.382492387549057E-16,-0.819152044288993,55.611465996247951,8.4838712666355046E-16,1.0,4.2527590382229173E-16,5.6843418860808015E-14,0.819152044288993,-9.3888628653527186E-16,0.57357643635104771,68.422084601734127,0.0,0.0,0.0,1.0],[0.559192903470748,-1.3222590638992541E-16,-0.82903757255504318,56.323059161147683,8.663171883673116E-16,1.0,4.2484506029601315E-16,5.6843418860808015E-14,0.82903757255504318,-9.5577984169887739E-16,0.55919290347074813,71.118752387406445,0.0,0.0,0.0,1.0],[0.544639035015028,-1.2590865821675128E-16,-0.83867056794542538,57.018830423957667,8.8423699997949681E-16,1.0,4.2410135966499205E-16,5.6843418860808015E-14,0.83867056794542538,-9.7256570224766482E-16,0.54463903501502808,73.855452236363774,0.0,0.0,0.0,1.0],[0.529919264233206,-1.1929941853037727E-16,-0.84804809615642729,57.698567846011265,9.0214110295189651E-16,1.0,4.2304502846764188E-16,2.8421709430404007E-14,0.84804809615642718,-9.8923875504590214E-16,0.52991926423320612,76.631350523321231,0.0,0.0,0.0,1.0],[0.51503807491005482,-1.1240020056923382E-16,-0.85716730070211367,58.362064372704943,9.20024043521305E-16,1.0,4.2167638847268121E-16,5.6843418860808015E-14,0.85716730070211355,-1.0057939213201936E-15,0.51503807491005482,79.445601682769635,0.0,0.0,0.0,1.0],[0.500000000000001,-1.05213105901947E-16,-0.86602540378443982,59.009117896569208,9.3788037437078748E-16,1.0,4.1999585658111113E-16,2.8421709430404007E-14,0.86602540378443971,-1.0222261582065172E-15,0.500000000000001,82.297348466543781,0.0,0.0,0.0,1.0],[0.48480962024633795,-9.7740323787175886E-17,-0.87461970713939718,59.639531318832553,9.5570465628899051E-16,1.0,4.1800394469922318E-16,5.6843418860808015E-14,0.87461970713939707,-1.0385304602863353E-15,0.484809620246338,85.185722204947837,0.0,0.0,0.0,1.0],[0.46947156278589192,-8.9984130506743716E-17,-0.88294759285892854,60.25311260945967,9.73491459826974E-16,1.0,4.1570125958267335E-16,2.8421709430404007E-14,0.88294759285892843,-1.0547018611112905E-15,0.46947156278589192,88.109843071360586,0.0,0.0,0.0,1.0],[0.45399049973954769,-8.19468886722582E-17,-0.8910065241883699,60.849674865645433,9.9123536695207532E-16,1.0,4.130885026516557E-16,2.8421709430404007E-14,0.89100652418836979,-1.0707354347160367E-15,0.45399049973954769,91.0688203502397,0.0,0.0,0.0,1.0],[0.43837114678907835,-7.3631046505441231E-17,-0.89879404629916859,61.429036368747653,1.0089309726982938E-15,1.0,4.1016646977723974E-16,8.5265128291212022E-14,0.89879404629916837,-1.08662629711873E-15,0.43837114678907829,94.061752708441674,0.0,0.0,0.0,1.0],[0.42261826174070038,-6.5039137092375085E-17,-0.90630778703665182,61.991020639640041,1.0265728868127007E-15,1.0,4.0693605103894685E-16,0.0,0.90630778703665171,-1.1023696078087488E-15,0.42261826174070027,97.087728469777048,0.0,0.0,0.0,1.0],[0.406736643075801,-5.6173777611895772E-17,-0.91354545764260275,62.53545649246967,1.0441557353973537E-15,1.0,4.0339823045362069E-16,5.6843418860808015E-14,0.91354545764260264,-1.1179605712211463E-15,0.40673664307580093,100.14582589271558,0.0,0.0,0.0,1.0],[0.39073112848927466,-4.7037668538385988E-17,-0.92050485345244215,63.062178086801659,1.0616741625462452E-15,1.0,3.995540856756788E-16,2.8421709430404007E-14,0.92050485345244215,-1.133394438197432E-15,0.39073112848927455,103.23511345115782,0.0,0.0,0.0,1.0],[0.37460659341591257,-3.7633592819168612E-17,-0.92718385456678931,63.57102497813581,1.0791228319767609E-15,1.0,3.9540478766886248E-16,5.6843418860808015E-14,0.9271838545667892,-1.1486665074322164E-15,0.37460659341591246,106.35465011818692,0.0,0.0,0.0,1.0],[0.35836794954530088,-2.7964415026809594E-17,-0.93358042649720363,64.061842166779911,1.0964964286551641E-15,1.0,3.9095160034953971E-16,2.8421709430404007E-14,0.93358042649720341,-1.1637721269052653E-15,0.35836794954530066,109.50348565271422,0.0,0.0,0.0,1.0],[0.34202014332566938,-1.8033080486533175E-17,-0.93969262078591009,64.53448014506364,1.1137896604156032E-15,1.0,3.8619588020170414E-16,2.8421709430404007E-14,0.93969262078591,-1.1787066952985552E-15,0.34202014332566916,112.68066088893264,0.0,0.0,0.0,1.0],[0.32556815445715731,-7.8426143790441623E-18,-0.94551857559931884,64.988794942880048,1.1309972595721622E-15,1.0,3.8113907586378621E-16,8.5265128291212022E-14,0.94551857559931862,-1.1934656633978809E-15,0.32556815445715703,115.88520802848731,0.0,0.0,0.0,1.0],[0.30901699437494806,2.6038791809626747E-18,-0.95105651629515553,65.424648171540809,1.1481139845234429E-15,1.0,3.7578272768737228E-16,1.4210854715202004E-13,0.95105651629515531,-1.2080445354785849E-15,0.30901699437494778,119.11615093527601,0.0,0.0,0.0,1.0],[0.2923717047227371,